0 10 5 0.308584
0.01 9.9088 5.03 0.308549
0.02 9.81725 5.05972 0.308515
0.03 9.7254 5.08915 0.308482
0.04 9.63327 5.11829 0.308452
0.05 9.5409 5.14713 0.308423
0.06 9.44833 5.17564 0.308395
0.07 9.35559 5.20384 0.308369
0.08 9.26272 5.23171 0.308345
0.09 9.16975 5.25925 0.308323
0.1 9.07671 5.28644 0.308302
0.11 8.98365 5.31327 0.308283
0.12 8.89059 5.33975 0.308265
0.13 8.79756 5.36587 0.308249
0.14 8.7046 5.39161 0.308235
0.15 8.61174 5.41698 0.308222
0.16 8.51901 5.44196 0.308211
0.17 8.42644 5.46655 0.308202
0.18 8.33406 5.49075 0.308194
0.19 8.2419 5.51454 0.308188
0.2 8.14999 5.53794 0.308183
0.21 8.05836 5.56092 0.30818
0.22 7.96702 5.58349 0.308178
0.23 7.87602 5.60564 0.308178
0.24 7.78537 5.62736 0.308179
0.25 7.6951 5.64867 0.308182
0.26 7.60524 5.66954 0.308186
0.27 7.5158 5.68998 0.308191
0.28 7.42681 5.70998 0.308198
0.29 7.3383 5.72955 0.308206
0.3 7.25028 5.74868 0.308216
0.31 7.16277 5.76736 0.308227
0.32 7.0758 5.7856 0.308239
0.33 6.98938 5.8034 0.308252
0.34 6.90353 5.82075 0.308267
0.35 6.81827 5.83765 0.308283
0.36 6.73361 5.8541 0.3083
0.37 6.64957 5.8701 0.308318
0.38 6.56617 5.88566 0.308337
0.39 6.48341 5.90076 0.308357
0.4 6.40132 5.91541 0.308378
0.41 6.31991 5.92962 0.3084
0.42 6.23918 5.94337 0.308423
0.43 6.15915 5.95668 0.308447
0.44 6.07983 5.96954 0.308472
0.45 6.00123 5.98196 0.308498
0.46 5.92336 5.99393 0.308525
0.47 5.84623 6.00546 0.308552
0.48 5.76984 6.01655 0.30858
0.49 5.69421 6.02719 0.308609
0.5 5.61933 6.03741 0.308639
0.51 5.54522 6.04718 0.308669
0.52 5.47188 6.05653 0.3087
0.53 5.39931 6.06544 0.308731
0.54 5.32752 6.07393 0.308763
0.55 5.25652 6.08199 0.308796
0.56 5.1863 6.08963 0.308829
0.57 5.11687 6.09686 0.308862
0.58 5.04823 6.10367 0.308896
0.59 4.98038 6.11007 0.30893
0.6 4.91332 6.11606 0.308965
0.61 4.84706 6.12164 0.309
0.62 4.78158 6.12683 0.309036
0.63 4.71691 6.13162 0.309072
0.64 4.65302 6.13601 0.309108
0.65 4.58993 6.14002 0.309144
0.66 4.52762 6.14364 0.30918
0.67 4.4661 6.14688 0.309217
0.68 4.40537 6.14975 0.309254
0.69 4.34541 6.15224 0.309291
0.7 4.28624 6.15437 0.309328
0.71 4.22784 6.15613 0.309366
0.72 4.17022 6.15753 0.309403
0.73 4.11336 6.15858 0.30944
0.74 4.05726 6.15928 0.309478
0.75 4.00193 6.15963 0.309516
0.76 3.94735 6.15964 0.309553
0.77 3.89352 6.15932 0.309591
0.78 3.84043 6.15866 0.309628
0.79 3.78808 6.15768 0.309666
0.8 3.73647 6.15637 0.309703
0.81 3.68558 6.15475 0.30974
0.82 3.63542 6.15281 0.309777
0.83 3.58597 6.15057 0.309815
0.84 3.53722 6.14802 0.309851
0.85 3.48919 6.14518 0.309888
0.86 3.44184 6.14204 0.309925
0.87 3.39519 6.13861 0.309961
0.88 3.34922 6.1349 0.309998
0.89 3.30393 6.13091 0.310034
0.9 3.2593 6.12664 0.31007
0.91 3.21534 6.1221 0.310105
0.92 3.17203 6.1173 0.310141
0.93 3.12937 6.11223 0.310176
0.94 3.08735 6.10691 0.310211
0.95 3.04597 6.10134 0.310246
0.96 3.0052 6.09552 0.31028
0.97 2.96506 6.08945 0.310314
0.98 2.92553 6.08315 0.310348
0.99 2.8866 6.07662 0.310382
1 2.84827 6.06985 0.310415
1.01 2.81053 6.06286 0.310448
1.02 2.77336 6.05565 0.310481
1.03 2.73677 6.04822 0.310513
1.04 2.70075 6.04058 0.310545
1.05 2.66529 6.03273 0.310576
1.06 2.63038 6.02468 0.310608
1.07 2.59601 6.01643 0.310639
1.08 2.56218 6.00798 0.310669
1.09 2.52888 5.99934 0.3107
1.1 2.4961 5.99052 0.310729
1.11 2.46383 5.98151 0.310759
1.12 2.43208 5.97232 0.310788
1.13 2.40082 5.96295 0.310817
1.14 2.37006 5.95342 0.310845
1.15 2.33978 5.94371 0.310873
1.16 2.30998 5.93385 0.310901
1.17 2.28065 5.92382 0.310928
1.18 2.25179 5.91363 0.310955
1.19 2.22339 5.90329 0.310982
1.2 2.19544 5.89281 0.311008
1.21 2.16793 5.88217 0.311034
1.22 2.14087 5.8714 0.311059
1.23 2.11423 5.86048 0.311084
1.24 2.08802 5.84943 0.311109
1.25 2.06223 5.83825 0.311133
1.26 2.03684 5.82693 0.311157
1.27 2.01187 5.81549 0.31118
1.28 1.98729 5.80393 0.311203
1.29 1.96311 5.79225 0.311226
1.3 1.93931 5.78045 0.311248
1.31 1.9159 5.76854 0.31127
1.32 1.89286 5.75652 0.311292
1.33 1.87018 5.74439 0.311313
1.34 1.84788 5.73215 0.311334
1.35 1.82592 5.71982 0.311354
1.36 1.80432 5.70738 0.311374
1.37 1.78307 5.69485 0.311394
1.38 1.76216 5.68222 0.311413
1.39 1.74158 5.66951 0.311432
1.4 1.72133 5.6567 0.31145
1.41 1.7014 5.64381 0.311468
1.42 1.6818 5.63084 0.311486
1.43 1.66251 5.61779 0.311504
1.44 1.64352 5.60466 0.311521
1.45 1.62484 5.59145 0.311537
1.46 1.60646 5.57817 0.311554
1.47 1.58837 5.56482 0.311569
1.48 1.57058 5.5514 0.311585
1.49 1.55306 5.53791 0.3116
1.5 1.53583 5.52436 0.311615
1.51 1.51887 5.51075 0.31163
1.52 1.50218 5.49707 0.311644
1.53 1.48575 5.48334 0.311658
1.54 1.46959 5.46956 0.311671
1.55 1.45368 5.45572 0.311684
1.56 1.43803 5.44182 0.311697
1.57 1.42263 5.42788 0.311709
1.58 1.40747 5.41389 0.311721
1.59 1.39255 5.39986 0.311733
1.6 1.37787 5.38578 0.311745
1.61 1.36342 5.37166 0.311756
1.62 1.3492 5.35749 0.311767
1.63 1.3352 5.34329 0.311777
1.64 1.32143 5.32905 0.311787
1.65 1.30787 5.31478 0.311797
1.66 1.29453 5.30047 0.311807
1.67 1.2814 5.28613 0.311816
1.68 1.26847 5.27176 0.311825
1.69 1.25575 5.25736 0.311833
1.7 1.24323 5.24293 0.311842
1.71 1.2309 5.22848 0.31185
1.72 1.21877 5.214 0.311858
1.73 1.20683 5.1995 0.311865
1.74 1.19508 5.18498 0.311872
1.75 1.18351 5.17043 0.311879
1.76 1.17212 5.15587 0.311886
1.77 1.1609 5.14129 0.311892
1.78 1.14987 5.12669 0.311898
1.79 1.139 5.11208 0.311904
1.8 1.12831 5.09745 0.311909
1.81 1.11778 5.08282 0.311915
1.82 1.10742 5.06817 0.31192
1.83 1.09721 5.05351 0.311924
1.84 1.08717 5.03884 0.311929
1.85 1.07728 5.02416 0.311933
1.86 1.06754 5.00948 0.311937
1.87 1.05795 4.99479 0.311941
1.88 1.04852 4.98009 0.311944
1.89 1.03923 4.96539 0.311947
1.9 1.03008 4.95069 0.31195
1.91 1.02107 4.93599 0.311953
1.92 1.0122 4.92128 0.311956
1.93 1.00347 4.90658 0.311958
1.94 0.994874 4.89188 0.31196
1.95 0.986409 4.87718 0.311962
1.96 0.978074 4.86248 0.311964
1.97 0.969867 4.84778 0.311965
1.98 0.961786 4.8331 0.311966
1.99 0.953828 4.81841 0.311967
2 0.945992 4.80373 0.311968
2.01 0.938277 4.78906 0.311969
2.02 0.930679 4.7744 0.311969
2.03 0.923197 4.75975 0.311969
2.04 0.91583 4.7451 0.311969
2.05 0.908575 4.73047 0.311969
2.06 0.90143 4.71584 0.311969
2.07 0.894395 4.70123 0.311968
2.08 0.887466 4.68663 0.311967
2.09 0.880643 4.67204 0.311967
2.1 0.873924 4.65747 0.311965
2.11 0.867307 4.64291 0.311964
2.12 0.86079 4.62836 0.311963
2.13 0.854373 4.61384 0.311961
2.14 0.848053 4.59932 0.311959
2.15 0.841829 4.58482 0.311957
2.16 0.835699 4.57035 0.311955
2.17 0.829662 4.55588 0.311953
2.18 0.823717 4.54144 0.31195
2.19 0.817862 4.52701 0.311948
2.2 0.812096 4.51261 0.311945
2.21 0.806417 4.49822 0.311942
2.22 0.800824 4.48386 0.311939
2.23 0.795316 4.46951 0.311936
2.24 0.789891 4.45519 0.311932
2.25 0.784549 4.44089 0.311929
2.26 0.779287 4.42661 0.311925
2.27 0.774106 4.41235 0.311921
2.28 0.769002 4.39812 0.311918
2.29 0.763976 4.38391 0.311914
2.3 0.759027 4.36972 0.311909
2.31 0.754152 4.35556 0.311905
2.32 0.749351 4.34142 0.311901
2.33 0.744623 4.32731 0.311896
2.34 0.739967 4.31322 0.311892
2.35 0.735382 4.29916 0.311887
2.36 0.730867 4.28513 0.311882
2.37 0.72642 4.27112 0.311877
2.38 0.72204 4.25714 0.311872
2.39 0.717728 4.24318 0.311867
2.4 0.713481 4.22925 0.311861
2.41 0.709299 4.21535 0.311856
2.42 0.705181 4.20148 0.31185
2.43 0.701126 4.18764 0.311845
2.44 0.697133 4.17382 0.311839
2.45 0.693201 4.16004 0.311833
2.46 0.689329 4.14628 0.311827
2.47 0.685517 4.13256 0.311821
2.48 0.681763 4.11886 0.311815
2.49 0.678068 4.10519 0.311809
2.5 0.674429 4.09155 0.311803
2.51 0.670847 4.07795 0.311796
2.52 0.66732 4.06437 0.31179
2.53 0.663847 4.05083 0.311783
2.54 0.660429 4.03731 0.311777
2.55 0.657064 4.02383 0.31177
2.56 0.653751 4.01038 0.311764
2.57 0.650491 3.99696 0.311757
2.58 0.647281 3.98357 0.31175
2.59 0.644122 3.97021 0.311743
2.6 0.641012 3.95689 0.311736
2.61 0.637952 3.9436 0.311729
2.62 0.63494 3.93034 0.311722
2.63 0.631975 3.91712 0.311715
2.64 0.629058 3.90392 0.311707
2.65 0.626188 3.89076 0.3117
2.66 0.623363 3.87764 0.311693
2.67 0.620584 3.86454 0.311685
2.68 0.61785 3.85148 0.311678
2.69 0.61516 3.83846 0.31167
2.7 0.612514 3.82546 0.311663
2.71 0.609911 3.8125 0.311655
2.72 0.60735 3.79958 0.311647
2.73 0.604832 3.78669 0.31164
2.74 0.602355 3.77383 0.311632
2.75 0.599919 3.76101 0.311624
2.76 0.597523 3.74822 0.311616
2.77 0.595168 3.73547 0.311609
2.78 0.592852 3.72275 0.311601
2.79 0.590575 3.71007 0.311593
2.8 0.588337 3.69742 0.311585
2.81 0.586137 3.6848 0.311577
2.82 0.583975 3.67222 0.311569
2.83 0.58185 3.65968 0.311561
2.84 0.579762 3.64717 0.311553
2.85 0.57771 3.6347 0.311544
2.86 0.575695 3.62226 0.311536
2.87 0.573715 3.60985 0.311528
2.88 0.57177 3.59749 0.31152
2.89 0.56986 3.58515 0.311512
2.9 0.567984 3.57285 0.311504
2.91 0.566143 3.56059 0.311495
2.92 0.564335 3.54837 0.311487
2.93 0.56256 3.53617 0.311479
2.94 0.560818 3.52402 0.311471
2.95 0.559109 3.5119 0.311462
2.96 0.557432 3.49982 0.311454
2.97 0.555787 3.48777 0.311446
2.98 0.554174 3.47575 0.311437
2.99 0.552591 3.46378 0.311429
3 0.55104 3.45184 0.311421
3.01 0.549519 3.43993 0.311412
3.02 0.548029 3.42806 0.311404
3.03 0.546569 3.41623 0.311396
3.04 0.545138 3.40443 0.311387
3.05 0.543736 3.39267 0.311379
3.06 0.542364 3.38094 0.311371
3.07 0.541021 3.36925 0.311362
3.08 0.539706 3.3576 0.311354
3.09 0.538419 3.34598 0.311346
3.1 0.537161 3.3344 0.311337
3.11 0.53593 3.32285 0.311329
3.12 0.534726 3.31134 0.311321
3.13 0.53355 3.29987 0.311312
3.14 0.532401 3.28843 0.311304
3.15 0.531279 3.27702 0.311296
3.16 0.530183 3.26566 0.311287
3.17 0.529113 3.25433 0.311279
3.18 0.52807 3.24303 0.311271
3.19 0.527052 3.23177 0.311263
3.2 0.52606 3.22055 0.311254
3.21 0.525094 3.20936 0.311246
3.22 0.524152 3.19821 0.311238
3.23 0.523236 3.18709 0.31123
3.24 0.522344 3.17601 0.311222
3.25 0.521477 3.16497 0.311213
3.26 0.520635 3.15396 0.311205
3.27 0.519816 3.14298 0.311197
3.28 0.519022 3.13204 0.311189
3.29 0.518251 3.12114 0.311181
3.3 0.517504 3.11027 0.311173
3.31 0.516781 3.09944 0.311165
3.32 0.516081 3.08865 0.311157
3.33 0.515404 3.07789 0.311149
3.34 0.51475 3.06716 0.311141
3.35 0.514119 3.05647 0.311133
3.36 0.513511 3.04582 0.311125
3.37 0.512925 3.0352 0.311117
3.38 0.512362 3.02461 0.31111
3.39 0.511821 3.01406 0.311102
3.4 0.511301 3.00355 0.311094
3.41 0.510804 2.99307 0.311086
3.42 0.510329 2.98263 0.311079
3.43 0.509875 2.97222 0.311071
3.44 0.509443 2.96185 0.311063
3.45 0.509033 2.95151 0.311056
3.46 0.508643 2.94121 0.311048
3.47 0.508275 2.93094 0.311041
3.48 0.507928 2.9207 0.311033
3.49 0.507602 2.9105 0.311026
3.5 0.507297 2.90034 0.311018
3.51 0.507012 2.89021 0.311011
3.52 0.506748 2.88011 0.311004
3.53 0.506505 2.87005 0.310996
3.54 0.506282 2.86003 0.310989
3.55 0.50608 2.85003 0.310982
3.56 0.505897 2.84008 0.310975
3.57 0.505735 2.83015 0.310968
3.58 0.505593 2.82026 0.310961
3.59 0.505471 2.81041 0.310954
3.6 0.505369 2.80059 0.310947
3.61 0.505286 2.7908 0.31094
3.62 0.505223 2.78105 0.310933
3.63 0.50518 2.77133 0.310926
3.64 0.505157 2.76164 0.310919
3.65 0.505153 2.75199 0.310912
3.66 0.505168 2.74237 0.310906
3.67 0.505203 2.73279 0.310899
3.68 0.505257 2.72324 0.310892
3.69 0.50533 2.71372 0.310886
3.7 0.505423 2.70424 0.310879
3.71 0.505534 2.69479 0.310873
3.72 0.505665 2.68537 0.310866
3.73 0.505815 2.67599 0.31086
3.74 0.505983 2.66664 0.310854
3.75 0.506171 2.65732 0.310847
3.76 0.506377 2.64804 0.310841
3.77 0.506603 2.63878 0.310835
3.78 0.506847 2.62957 0.310829
3.79 0.50711 2.62038 0.310823
3.8 0.507391 2.61123 0.310817
3.81 0.507691 2.60211 0.310811
3.82 0.50801 2.59302 0.310805
3.83 0.508347 2.58397 0.310799
3.84 0.508703 2.57494 0.310793
3.85 0.509078 2.56595 0.310788
3.86 0.509471 2.557 0.310782
3.87 0.509882 2.54807 0.310776
3.88 0.510312 2.53918 0.310771
3.89 0.510761 2.53032 0.310765
3.9 0.511228 2.52149 0.31076
3.91 0.511713 2.51269 0.310755
3.92 0.512217 2.50393 0.310749
3.93 0.512739 2.49519 0.310744
3.94 0.513279 2.48649 0.310739
3.95 0.513838 2.47782 0.310734
3.96 0.514415 2.46918 0.310729
3.97 0.515011 2.46058 0.310724
3.98 0.515625 2.452 0.310719
3.99 0.516257 2.44346 0.310714
4 0.516907 2.43495 0.310709
4.01 0.517576 2.42646 0.310704
4.02 0.518264 2.41801 0.310699
4.03 0.518969 2.4096 0.310695
4.04 0.519693 2.40121 0.31069
4.05 0.520436 2.39285 0.310685
4.06 0.521197 2.38452 0.310681
4.07 0.521976 2.37623 0.310676
4.08 0.522774 2.36796 0.310672
4.09 0.52359 2.35973 0.310668
4.1 0.524424 2.35153 0.310664
4.11 0.525277 2.34335 0.310659
4.12 0.526149 2.33521 0.310655
4.13 0.527039 2.3271 0.310651
4.14 0.527947 2.31902 0.310647
4.15 0.528874 2.31097 0.310643
4.16 0.52982 2.30294 0.31064
4.17 0.530785 2.29495 0.310636
4.18 0.531768 2.28699 0.310632
4.19 0.532769 2.27906 0.310628
4.2 0.53379 2.27116 0.310625
4.21 0.534829 2.26328 0.310621
4.22 0.535887 2.25544 0.310618
4.23 0.536964 2.24763 0.310614
4.24 0.53806 2.23985 0.310611
4.25 0.539174 2.23209 0.310608
4.26 0.540308 2.22437 0.310604
4.27 0.541461 2.21667 0.310601
4.28 0.542632 2.209 0.310598
4.29 0.543823 2.20137 0.310595
4.3 0.545033 2.19376 0.310592
4.31 0.546262 2.18618 0.310589
4.32 0.547511 2.17863 0.310587
4.33 0.548779 2.17111 0.310584
4.34 0.550066 2.16361 0.310581
4.35 0.551372 2.15615 0.310579
4.36 0.552698 2.14871 0.310576
4.37 0.554044 2.14131 0.310574
4.38 0.555409 2.13393 0.310571
4.39 0.556795 2.12658 0.310569
4.4 0.558199 2.11926 0.310567
4.41 0.559624 2.11196 0.310564
4.42 0.561068 2.1047 0.310562
4.43 0.562533 2.09746 0.31056
4.44 0.564017 2.09025 0.310558
4.45 0.565522 2.08307 0.310556
4.46 0.567047 2.07591 0.310554
4.47 0.568592 2.06878 0.310552
4.48 0.570158 2.06169 0.310551
4.49 0.571743 2.05461 0.310549
4.5 0.57335 2.04757 0.310547
4.51 0.574977 2.04055 0.310546
4.52 0.576625 2.03357 0.310544
4.53 0.578293 2.0266 0.310543
4.54 0.579983 2.01967 0.310542
4.55 0.581693 2.01276 0.31054
4.56 0.583424 2.00588 0.310539
4.57 0.585177 1.99903 0.310538
4.58 0.586951 1.9922 0.310537
4.59 0.588746 1.9854 0.310536
4.6 0.590562 1.97863 0.310535
4.61 0.5924 1.97188 0.310534
4.62 0.59426 1.96516 0.310533
4.63 0.596142 1.95847 0.310533
4.64 0.598045 1.95181 0.310532
4.65 0.59997 1.94517 0.310532
4.66 0.601918 1.93855 0.310531
4.67 0.603887 1.93196 0.310531
4.68 0.605879 1.9254 0.31053
4.69 0.607893 1.91887 0.31053
4.7 0.60993 1.91236 0.31053
4.71 0.61199 1.90588 0.310529
4.72 0.614072 1.89942 0.310529
4.73 0.616177 1.89299 0.310529
4.74 0.618305 1.88658 0.310529
4.75 0.620456 1.8802 0.310529
4.76 0.622631 1.87385 0.31053
4.77 0.624828 1.86752 0.31053
4.78 0.62705 1.86122 0.31053
4.79 0.629295 1.85494 0.31053
4.8 0.631564 1.84869 0.310531
4.81 0.633856 1.84246 0.310531
4.82 0.636173 1.83626 0.310532
4.83 0.638514 1.83008 0.310533
4.84 0.640879 1.82393 0.310533
4.85 0.643269 1.8178 0.310534
4.86 0.645683 1.8117 0.310535
4.87 0.648122 1.80562 0.310536
4.88 0.650586 1.79957 0.310537
4.89 0.653075 1.79354 0.310538
4.9 0.655589 1.78754 0.310539
4.91 0.658129 1.78156 0.31054
4.92 0.660694 1.77561 0.310541
4.93 0.663285 1.76968 0.310542
4.94 0.665901 1.76377 0.310544
4.95 0.668544 1.75789 0.310545
4.96 0.671213 1.75204 0.310547
4.97 0.673908 1.7462 0.310548
4.98 0.676629 1.7404 0.31055
4.99 0.679378 1.73461 0.310552
5 0.682152 1.72885 0.310553
5.01 0.684954 1.72312 0.310555
5.02 0.687784 1.7174 0.310557
5.03 0.69064 1.71172 0.310559
5.04 0.693524 1.70605 0.310561
5.05 0.696436 1.70041 0.310563
5.06 0.699375 1.69479 0.310565
5.07 0.702343 1.6892 0.310567
5.08 0.705339 1.68363 0.31057
5.09 0.708363 1.67808 0.310572
5.1 0.711416 1.67256 0.310574
5.11 0.714497 1.66706 0.310577
5.12 0.717608 1.66158 0.310579
5.13 0.720748 1.65613 0.310582
5.14 0.723917 1.6507 0.310585
5.15 0.727116 1.64529 0.310587
5.16 0.730345 1.6399 0.31059
5.17 0.733604 1.63454 0.310593
5.18 0.736892 1.6292 0.310596
5.19 0.740212 1.62389 0.310599
5.2 0.743562 1.61859 0.310602
5.21 0.746942 1.61332 0.310605
5.22 0.750354 1.60807 0.310608
5.23 0.753797 1.60285 0.310612
5.24 0.757272 1.59764 0.310615
5.25 0.760778 1.59246 0.310618
5.26 0.764316 1.58731 0.310622
5.27 0.767887 1.58217 0.310625
5.28 0.77149 1.57706 0.310629
5.29 0.775125 1.57196 0.310632
5.3 0.778793 1.56689 0.310636
5.31 0.782494 1.56185 0.31064
5.32 0.786229 1.55682 0.310643
5.33 0.789997 1.55182 0.310647
5.34 0.793799 1.54684 0.310651
5.35 0.797635 1.54188 0.310655
5.36 0.801506 1.53694 0.310659
5.37 0.80541 1.53202 0.310663
5.38 0.80935 1.52713 0.310667
5.39 0.813325 1.52226 0.310671
5.4 0.817335 1.51741 0.310676
5.41 0.82138 1.51258 0.31068
5.42 0.825462 1.50777 0.310684
5.43 0.829579 1.50298 0.310689
5.44 0.833733 1.49822 0.310693
5.45 0.837923 1.49347 0.310698
5.46 0.842151 1.48875 0.310703
5.47 0.846415 1.48405 0.310707
5.48 0.850717 1.47937 0.310712
5.49 0.855057 1.47471 0.310717
5.5 0.859434 1.47007 0.310722
5.51 0.86385 1.46546 0.310726
5.52 0.868305 1.46086 0.310731
5.53 0.872798 1.45629 0.310736
5.54 0.877331 1.45173 0.310741
5.55 0.881903 1.4472 0.310747
5.56 0.886514 1.44269 0.310752
5.57 0.891166 1.43819 0.310757
5.58 0.895858 1.43372 0.310762
5.59 0.900591 1.42927 0.310768
5.6 0.905365 1.42484 0.310773
5.61 0.910179 1.42043 0.310779
5.62 0.915036 1.41604 0.310784
5.63 0.919935 1.41168 0.31079
5.64 0.924875 1.40733 0.310795
5.65 0.929858 1.403 0.310801
5.66 0.934885 1.39869 0.310807
5.67 0.939954 1.39441 0.310812
5.68 0.945067 1.39014 0.310818
5.69 0.950223 1.38589 0.310824
5.7 0.955424 1.38167 0.31083
5.71 0.96067 1.37746 0.310836
5.72 0.96596 1.37327 0.310842
5.73 0.971296 1.36911 0.310848
5.74 0.976677 1.36496 0.310854
5.75 0.982104 1.36083 0.310861
5.76 0.987577 1.35673 0.310867
5.77 0.993097 1.35264 0.310873
5.78 0.998664 1.34857 0.310879
5.79 1.00428 1.34452 0.310886
5.8 1.00994 1.3405 0.310892
5.81 1.01565 1.33649 0.310899
5.82 1.02141 1.3325 0.310905
5.83 1.02722 1.32853 0.310912
5.84 1.03307 1.32458 0.310919
5.85 1.03898 1.32065 0.310925
5.86 1.04494 1.31674 0.310932
5.87 1.05094 1.31285 0.310939
5.88 1.057 1.30898 0.310946
5.89 1.06311 1.30513 0.310953
5.9 1.06927 1.30129 0.31096
5.91 1.07548 1.29748 0.310967
5.92 1.08175 1.29368 0.310974
5.93 1.08807 1.28991 0.310981
5.94 1.09444 1.28615 0.310988
5.95 1.10086 1.28242 0.310995
5.96 1.10734 1.2787 0.311002
5.97 1.11387 1.275 0.311009
5.98 1.12046 1.27132 0.311017
5.99 1.12711 1.26766 0.311024
6 1.13381 1.26402 0.311032
6.01 1.14056 1.26039 0.311039
6.02 1.14737 1.25679 0.311046
6.03 1.15424 1.2532 0.311054
6.04 1.16117 1.24964 0.311062
6.05 1.16816 1.24609 0.311069
6.06 1.1752 1.24256 0.311077
6.07 1.1823 1.23905 0.311085
6.08 1.18946 1.23556 0.311092
6.09 1.19669 1.23209 0.3111
6.1 1.20397 1.22863 0.311108
6.11 1.21131 1.2252 0.311116
6.12 1.21872 1.22178 0.311124
6.13 1.22618 1.21838 0.311132
6.14 1.23371 1.215 0.31114
6.15 1.2413 1.21164 0.311148
6.16 1.24896 1.2083 0.311156
6.17 1.25668 1.20498 0.311164
6.18 1.26446 1.20167 0.311172
6.19 1.27231 1.19838 0.31118
6.2 1.28022 1.19511 0.311189
6.21 1.2882 1.19186 0.311197
6.22 1.29625 1.18863 0.311205
6.23 1.30436 1.18542 0.311213
6.24 1.31254 1.18222 0.311222
6.25 1.32079 1.17905 0.31123
6.26 1.3291 1.17589 0.311239
6.27 1.33749 1.17275 0.311247
6.28 1.34594 1.16962 0.311256
6.29 1.35447 1.16652 0.311264
6.3 1.36306 1.16343 0.311273
6.31 1.37173 1.16037 0.311282
6.32 1.38047 1.15732 0.31129
6.33 1.38928 1.15428 0.311299
6.34 1.39816 1.15127 0.311308
6.35 1.40712 1.14828 0.311317
6.36 1.41615 1.1453 0.311325
6.37 1.42526 1.14234 0.311334
6.38 1.43444 1.1394 0.311343
6.39 1.4437 1.13647 0.311352
6.4 1.45304 1.13357 0.311361
6.41 1.46245 1.13068 0.31137
6.42 1.47194 1.12781 0.311379
6.43 1.4815 1.12496 0.311388
6.44 1.49115 1.12213 0.311397
6.45 1.50088 1.11931 0.311406
6.46 1.51068 1.11652 0.311415
6.47 1.52057 1.11374 0.311425
6.48 1.53054 1.11098 0.311434
6.49 1.54059 1.10823 0.311443
6.5 1.55073 1.10551 0.311452
6.51 1.56094 1.1028 0.311462
6.52 1.57125 1.10011 0.311471
6.53 1.58163 1.09744 0.31148
6.54 1.5921 1.09478 0.31149
6.55 1.60266 1.09215 0.311499
6.56 1.61331 1.08953 0.311508
6.57 1.62404 1.08693 0.311518
6.58 1.63486 1.08435 0.311527
6.59 1.64577 1.08178 0.311537
6.6 1.65677 1.07923 0.311547
6.61 1.66786 1.07671 0.311556
6.62 1.67904 1.07419 0.311566
6.63 1.69031 1.0717 0.311575
6.64 1.70167 1.06923 0.311585
6.65 1.71313 1.06677 0.311595
6.66 1.72468 1.06433 0.311604
6.67 1.73633 1.06191 0.311614
6.68 1.74807 1.0595 0.311624
6.69 1.7599 1.05712 0.311634
6.7 1.77184 1.05475 0.311643
6.71 1.78387 1.0524 0.311653
6.72 1.796 1.05007 0.311663
6.73 1.80823 1.04775 0.311673
6.74 1.82056 1.04546 0.311683
6.75 1.83299 1.04318 0.311693
6.76 1.84552 1.04092 0.311703
6.77 1.85815 1.03867 0.311713
6.78 1.87089 1.03645 0.311723
6.79 1.88373 1.03424 0.311733
6.8 1.89667 1.03205 0.311743
6.81 1.90972 1.02988 0.311753
6.82 1.92288 1.02773 0.311763
6.83 1.93614 1.0256 0.311773
6.84 1.94951 1.02348 0.311783
6.85 1.96299 1.02138 0.311793
6.86 1.97658 1.0193 0.311803
6.87 1.99028 1.01724 0.311813
6.88 2.00409 1.01519 0.311823
6.89 2.01801 1.01317 0.311834
6.9 2.03205 1.01116 0.311844
6.91 2.0462 1.00917 0.311854
6.92 2.06046 1.0072 0.311864
6.93 2.07484 1.00524 0.311875
6.94 2.08934 1.00331 0.311885
6.95 2.10395 1.00139 0.311895
6.96 2.11869 0.999493 0.311905
6.97 2.13354 0.997612 0.311916
6.98 2.14851 0.99575 0.311926
6.99 2.1636 0.993907 0.311936
7 2.17881 0.992082 0.311947
7.01 2.19415 0.990275 0.311957
7.02 2.20961 0.988486 0.311967
7.03 2.2252 0.986717 0.311978
7.04 2.24091 0.984965 0.311988
7.05 2.25674 0.983233 0.311999
7.06 2.27271 0.981519 0.312009
7.07 2.2888 0.979823 0.31202
7.08 2.30502 0.978147 0.31203
7.09 2.32137 0.976489 0.312041
7.1 2.33786 0.97485 0.312051
7.11 2.35447 0.973229 0.312062
7.12 2.37122 0.971628 0.312072
7.13 2.3881 0.970045 0.312083
7.14 2.40512 0.968482 0.312093
7.15 2.42227 0.966937 0.312104
7.16 2.43956 0.965411 0.312114
7.17 2.45699 0.963905 0.312125
7.18 2.47456 0.962418 0.312135
7.19 2.49227 0.96095 0.312146
7.2 2.51012 0.959501 0.312156
7.21 2.52811 0.958071 0.312167
7.22 2.54625 0.956661 0.312178
7.23 2.56453 0.95527 0.312188
7.24 2.58295 0.953899 0.312199
7.25 2.60152 0.952547 0.31221
7.26 2.62024 0.951215 0.31222
7.27 2.63911 0.949903 0.312231
7.28 2.65812 0.94861 0.312241
7.29 2.67729 0.947337 0.312252
7.3 2.69661 0.946084 0.312263
7.31 2.71608 0.944851 0.312273
7.32 2.7357 0.943638 0.312284
7.33 2.75548 0.942445 0.312295
7.34 2.77542 0.941272 0.312306
7.35 2.79551 0.940119 0.312316
7.36 2.81576 0.938987 0.312327
7.37 2.83617 0.937875 0.312338
7.38 2.85674 0.936783 0.312348
7.39 2.87748 0.935712 0.312359
7.4 2.89837 0.934662 0.31237
7.41 2.91943 0.933632 0.31238
7.42 2.94065 0.932623 0.312391
7.43 2.96204 0.931636 0.312402
7.44 2.9836 0.930669 0.312413
7.45 3.00532 0.929723 0.312423
7.46 3.02721 0.928798 0.312434
7.47 3.04928 0.927894 0.312445
7.48 3.07151 0.927012 0.312456
7.49 3.09392 0.926151 0.312466
7.5 3.1165 0.925312 0.312477
7.51 3.13926 0.924495 0.312488
7.52 3.16219 0.923699 0.312499
7.53 3.1853 0.922925 0.312509
7.54 3.20859 0.922173 0.31252
7.55 3.23206 0.921443 0.312531
7.56 3.25571 0.920736 0.312542
7.57 3.27954 0.92005 0.312552
7.58 3.30355 0.919388 0.312563
7.59 3.32775 0.918747 0.312574
7.6 3.35214 0.91813 0.312585
7.61 3.37671 0.917535 0.312595
7.62 3.40146 0.916963 0.312606
7.63 3.42641 0.916414 0.312617
7.64 3.45155 0.915888 0.312628
7.65 3.47688 0.915386 0.312639
7.66 3.5024 0.914907 0.312649
7.67 3.52812 0.914452 0.31266
7.68 3.55403 0.91402 0.312671
7.69 3.58013 0.913613 0.312682
7.7 3.60644 0.913229 0.312692
7.71 3.63294 0.91287 0.312703
7.72 3.65964 0.912535 0.312714
7.73 3.68654 0.912224 0.312725
7.74 3.71365 0.911938 0.312736
7.75 3.74095 0.911677 0.312746
7.76 3.76847 0.911441 0.312757
7.77 3.79618 0.91123 0.312768
7.78 3.82411 0.911044 0.312779
7.79 3.85224 0.910884 0.312789
7.8 3.88058 0.910749 0.3128
7.81 3.90913 0.910641 0.312811
7.82 3.93789 0.910558 0.312822
7.83 3.96687 0.910501 0.312833
7.84 3.99606 0.910471 0.312843
7.85 4.02546 0.910468 0.312854
7.86 4.05508 0.910491 0.312865
7.87 4.08492 0.910541 0.312876
7.88 4.11497 0.910618 0.312886
7.89 4.14525 0.910723 0.312897
7.9 4.17574 0.910855 0.312908
7.91 4.20646 0.911015 0.312919
7.92 4.2374 0.911203 0.31293
7.93 4.26856 0.91142 0.31294
7.94 4.29995 0.911664 0.312951
7.95 4.33156 0.911938 0.312962
7.96 4.3634 0.91224 0.312973
7.97 4.39547 0.912572 0.312983
7.98 4.42777 0.912933 0.312994
7.99 4.4603 0.913323 0.313005
8 4.49306 0.913744 0.313016
8.01 4.52606 0.914194 0.313027
8.02 4.55928 0.914675 0.313037
8.03 4.59274 0.915187 0.313048
8.04 4.62644 0.915729 0.313059
8.05 4.66038 0.916303 0.31307
8.06 4.69455 0.916908 0.31308
8.07 4.72896 0.917545 0.313091
8.08 4.76361 0.918213 0.313102
8.09 4.7985 0.918915 0.313113
8.1 4.83363 0.919648 0.313124
8.11 4.869 0.920415 0.313134
8.12 4.90462 0.921215 0.313145
8.13 4.94048 0.922048 0.313156
8.14 4.97659 0.922915 0.313167
8.15 5.01294 0.923817 0.313177
8.16 5.04954 0.924752 0.313188
8.17 5.08639 0.925723 0.313199
8.18 5.12348 0.926729 0.31321
8.19 5.16083 0.92777 0.313221
8.2 5.19842 0.928847 0.313231
8.21 5.23627 0.92996 0.313242
8.22 5.27437 0.93111 0.313253
8.23 5.31271 0.932296 0.313264
8.24 5.35132 0.93352 0.313275
8.25 5.39017 0.934782 0.313286
8.26 5.42928 0.936081 0.313296
8.27 5.46865 0.937419 0.313307
8.28 5.50826 0.938796 0.313318
8.29 5.54814 0.940212 0.313329
8.3 5.58827 0.941667 0.31334
8.31 5.62866 0.943163 0.31335
8.32 5.66931 0.944699 0.313361
8.33 5.71021 0.946276 0.313372
8.34 5.75137 0.947894 0.313383
8.35 5.79279 0.949554 0.313394
8.36 5.83447 0.951257 0.313405
8.37 5.87641 0.953002 0.313416
8.38 5.91861 0.95479 0.313426
8.39 5.96106 0.956622 0.313437
8.4 6.00378 0.958498 0.313448
8.41 6.04676 0.960419 0.313459
8.42 6.08999 0.962384 0.31347
8.43 6.13349 0.964396 0.313481
8.44 6.17725 0.966453 0.313492
8.45 6.22127 0.968557 0.313502
8.46 6.26554 0.970709 0.313513
8.47 6.31008 0.972908 0.313524
8.48 6.35488 0.975156 0.313535
8.49 6.39994 0.977452 0.313546
8.5 6.44525 0.979798 0.313557
8.51 6.49083 0.982194 0.313568
8.52 6.53666 0.98464 0.313579
8.53 6.58276 0.987138 0.31359
8.54 6.62911 0.989687 0.3136
8.55 6.67572 0.992289 0.313611
8.56 6.72258 0.994944 0.313622
8.57 6.7697 0.997653 0.313633
8.58 6.81708 1.00042 0.313644
8.59 6.86471 1.00323 0.313655
8.6 6.9126 1.00611 0.313666
8.61 6.96073 1.00904 0.313677
8.62 7.00912 1.01203 0.313688
8.63 7.05776 1.01507 0.313699
8.64 7.10666 1.01818 0.313709
8.65 7.1558 1.02134 0.31372
8.66 7.20518 1.02456 0.313731
8.67 7.25482 1.02785 0.313742
8.68 7.3047 1.03119 0.313753
8.69 7.35482 1.0346 0.313764
8.7 7.40518 1.03807 0.313775
8.71 7.45579 1.0416 0.313786
8.72 7.50663 1.0452 0.313796
8.73 7.55771 1.04887 0.313807
8.74 7.60902 1.0526 0.313818
8.75 7.66057 1.0564 0.313829
8.76 7.71234 1.06027 0.31384
8.77 7.76435 1.0642 0.31385
8.78 7.81658 1.06821 0.313861
8.79 7.86904 1.07229 0.313872
8.8 7.92172 1.07643 0.313883
8.81 7.97461 1.08066 0.313893
8.82 8.02772 1.08495 0.313904
8.83 8.08105 1.08932 0.313915
8.84 8.13459 1.09377 0.313925
8.85 8.18833 1.09829 0.313936
8.86 8.24228 1.10289 0.313946
8.87 8.29643 1.10757 0.313957
8.88 8.35078 1.11233 0.313967
8.89 8.40532 1.11717 0.313978
8.9 8.46005 1.12209 0.313988
8.91 8.51497 1.12709 0.313999
8.92 8.57007 1.13218 0.314009
8.93 8.62535 1.13735 0.314019
8.94 8.68081 1.14262 0.314029
8.95 8.73644 1.14796 0.31404
8.96 8.79223 1.1534 0.31405
8.97 8.84819 1.15893 0.31406
8.98 8.9043 1.16455 0.31407
8.99 8.96057 1.17026 0.31408
9 9.01698 1.17606 0.31409
9.01 9.07354 1.18196 0.314099
9.02 9.13023 1.18796 0.314109
9.03 9.18706 1.19406 0.314119
9.04 9.24401 1.20025 0.314128
9.05 9.30108 1.20654 0.314138
9.06 9.35826 1.21294 0.314147
9.07 9.41556 1.21944 0.314156
9.08 9.47295 1.22604 0.314166
9.09 9.53044 1.23275 0.314175
9.1 9.58802 1.23957 0.314184
9.11 9.64569 1.2465 0.314192
9.12 9.70342 1.25353 0.314201
9.13 9.76123 1.26068 0.31421
9.14 9.8191 1.26795 0.314218
9.15 9.87702 1.27532 0.314226
9.16 9.93498 1.28282 0.314235
9.17 9.99299 1.29043 0.314243
9.18 10.051 1.29817 0.31425
9.19 10.1091 1.30602 0.314258
9.2 10.1671 1.314 0.314266
9.21 10.2252 1.3221 0.314273
9.22 10.2833 1.33033 0.31428
9.23 10.3413 1.33869 0.314287
9.24 10.3994 1.34718 0.314294
9.25 10.4573 1.3558 0.3143
9.26 10.5153 1.36456 0.314307
9.27 10.5732 1.37345 0.314313
9.28 10.631 1.38248 0.314319
9.29 10.6888 1.39164 0.314324
9.3 10.7465 1.40095 0.31433
9.31 10.8041 1.4104 0.314335
9.32 10.8615 1.42 0.31434
9.33 10.9189 1.42974 0.314344
9.34 10.9761 1.43964 0.314349
9.35 11.0332 1.44968 0.314353
9.36 11.0902 1.45988 0.314356
9.37 11.1469 1.47023 0.31436
9.38 11.2035 1.48073 0.314363
9.39 11.2599 1.4914 0.314366
9.4 11.3161 1.50223 0.314368
9.41 11.3721 1.51322 0.31437
9.42 11.4279 1.52437 0.314372
9.43 11.4834 1.5357 0.314373
9.44 11.5386 1.54719 0.314374
9.45 11.5936 1.55885 0.314374
9.46 11.6483 1.57069 0.314374
9.47 11.7027 1.5827 0.314374
9.48 11.7567 1.59489 0.314373
9.49 11.8105 1.60727 0.314372
9.5 11.8639 1.61982 0.31437
9.51 11.9169 1.63256 0.314368
9.52 11.9696 1.64548 0.314365
9.53 12.0218 1.6586 0.314362
9.54 12.0736 1.6719 0.314358
9.55 12.1251 1.6854 0.314354
9.56 12.176 1.69909 0.314349
9.57 12.2265 1.71298 0.314343
9.58 12.2766 1.72708 0.314337
9.59 12.3261 1.74137 0.314331
9.6 12.3751 1.75587 0.314323
9.61 12.4236 1.77057 0.314316
9.62 12.4715 1.78549 0.314307
9.63 12.5189 1.80062 0.314298
9.64 12.5657 1.81595 0.314288
9.65 12.6118 1.83151 0.314278
9.66 12.6574 1.84728 0.314267
9.67 12.7023 1.86327 0.314255
9.68 12.7465 1.87949 0.314242
9.69 12.79 1.89593 0.314229
9.7 12.8329 1.91259 0.314215
9.71 12.875 1.92949 0.3142
9.72 12.9164 1.94661 0.314184
9.73 12.957 1.96397 0.314168
9.74 12.9968 1.98156 0.31415
9.75 13.0358 1.99939 0.314132
9.76 13.074 2.01745 0.314113
9.77 13.1114 2.03576 0.314094
9.78 13.1479 2.05431 0.314073
9.79 13.1835 2.0731 0.314051
9.8 13.2182 2.09214 0.314029
9.81 13.2519 2.11142 0.314005
9.82 13.2847 2.13096 0.313981
9.83 13.3166 2.15074 0.313956
9.84 13.3474 2.17078 0.31393
9.85 13.3773 2.19107 0.313903
9.86 13.4061 2.21162 0.313875
9.87 13.4338 2.23242 0.313846
9.88 13.4605 2.25348 0.313816
9.89 13.4861 2.2748 0.313785
9.9 13.5106 2.29638 0.313752
9.91 13.5339 2.31822 0.313719
9.92 13.5561 2.34032 0.313685
9.93 13.5771 2.36269 0.31365
9.94 13.5969 2.38531 0.313614
9.95 13.6155 2.40821 0.313577
9.96 13.6328 2.43136 0.313539
9.97 13.6489 2.45478 0.313499
9.98 13.6638 2.47847 0.313459
9.99 13.6773 2.50242 0.313418
10 13.6895 2.52664 0.313375
10.01 13.7004 2.55112 0.313332
10.02 13.7099 2.57587 0.313287
10.03 13.7181 2.60088 0.313242
10.04 13.7249 2.62615 0.313195
10.05 13.7303 2.65169 0.313148
10.06 13.7343 2.67749 0.313099
10.07 13.7368 2.70356 0.313049
10.08 13.7379 2.72988 0.312999
10.09 13.7376 2.75646 0.312947
10.1 13.7358 2.78331 0.312894
10.11 13.7324 2.8104 0.31284
10.12 13.7276 2.83776 0.312786
10.13 13.7213 2.86536 0.31273
10.14 13.7134 2.89322 0.312673
10.15 13.704 2.92132 0.312616
10.16 13.6931 2.94967 0.312557
10.17 13.6806 2.97826 0.312498
10.18 13.6665 3.00709 0.312438
10.19 13.6509 3.03616 0.312377
10.2 13.6336 3.06546 0.312315
10.21 13.6148 3.09499 0.312252
10.22 13.5944 3.12475 0.312189
10.23 13.5724 3.15473 0.312125
10.24 13.5488 3.18493 0.31206
10.25 13.5236 3.21534 0.311994
10.26 13.4968 3.24596 0.311928
10.27 13.4683 3.27679 0.311861
10.28 13.4383 3.30781 0.311793
10.29 13.4066 3.33903 0.311725
10.3 13.3733 3.37044 0.311657
10.31 13.3385 3.40203 0.311588
10.32 13.302 3.4338 0.311518
10.33 13.2639 3.46574 0.311448
10.34 13.2242 3.49785 0.311378
10.35 13.1829 3.53012 0.311307
10.36 13.1401 3.56253 0.311236
10.37 13.0957 3.59509 0.311165
10.38 13.0497 3.62779 0.311094
10.39 13.0022 3.66062 0.311023
10.4 12.9531 3.69358 0.310951
10.41 12.9025 3.72665 0.31088
10.42 12.8504 3.75982 0.310808
10.43 12.7968 3.7931 0.310737
10.44 12.7417 3.82647 0.310665
10.45 12.6851 3.85992 0.310594
10.46 12.6271 3.89344 0.310523
10.47 12.5676 3.92703 0.310452
10.48 12.5068 3.96067 0.310382
10.49 12.4445 3.99437 0.310312
10.5 12.3809 4.0281 0.310242
10.51 12.3159 4.06186 0.310173
10.52 12.2496 4.09563 0.310104
10.53 12.182 4.12942 0.310036
10.54 12.1132 4.16321 0.309968
10.55 12.0431 4.19699 0.309901
10.56 11.9717 4.23074 0.309835
10.57 11.8992 4.26447 0.30977
10.58 11.8255 4.29815 0.309705
10.59 11.7507 4.33179 0.309642
10.6 11.6748 4.36536 0.309579
10.61 11.5978 4.39887 0.309517
10.62 11.5197 4.43229 0.309456
10.63 11.4407 4.46562 0.309396
10.64 11.3606 4.49885 0.309337
10.65 11.2797 4.53196 0.30928
10.66 11.1978 4.56495 0.309223
10.67 11.115 4.59781 0.309168
10.68 11.0314 4.63052 0.309114
10.69 10.947 4.66308 0.309061
10.7 10.8618 4.69548 0.30901
10.71 10.7759 4.72769 0.30896
10.72 10.6892 4.75973 0.308911
10.73 10.602 4.79157 0.308864
10.74 10.514 4.8232 0.308818
10.75 10.4255 4.85462 0.308774
10.76 10.3365 4.88581 0.308731
10.77 10.2469 4.91677 0.308689
10.78 10.1568 4.94749 0.308649
10.79 10.0663 4.97795 0.308611
10.8 9.97536 5.00814 0.308574
10.81 9.88406 5.03807 0.308539
10.82 9.79243 5.06771 0.308506
10.83 9.70049 5.09707 0.308474
10.84 9.60829 5.12612 0.308444
10.85 9.51587 5.15487 0.308415
10.86 9.42325 5.18331 0.308388
10.87 9.33047 5.21142 0.308363
10.88 9.23757 5.2392 0.308339
10.89 9.14458 5.26664 0.308317
10.9 9.05153 5.29373 0.308297
10.91 8.95846 5.32047 0.308278
10.92 8.86541 5.34686 0.308261
10.93 8.7724 5.37287 0.308245
10.94 8.67946 5.39851 0.308231
10.95 8.58664 5.42377 0.308219
10.96 8.49395 5.44865 0.308209
10.97 8.40143 5.47314 0.308199
10.98 8.3091 5.49723 0.308192
10.99 8.21701 5.52091 0.308186
11 8.12517 5.5442 0.308182
11.01 8.03361 5.56707 0.308179
11.02 7.94237 5.58952 0.308178
11.03 7.85145 5.61156 0.308178
11.04 7.76091 5.63317 0.308179
11.05 7.67074 5.65436 0.308183
11.06 7.58099 5.67511 0.308187
11.07 7.49168 5.69543 0.308193
11.08 7.40282 5.71532 0.3082
11.09 7.31443 5.73477 0.308209
11.1 7.22655 5.75378 0.308219
11.11 7.13918 5.77234 0.30823
11.12 7.05236 5.79046 0.308243
11.13 6.96609 5.80814 0.308256
11.14 6.8804 5.82536 0.308271
11.15 6.7953 5.84214 0.308287
11.16 6.7108 5.85847 0.308304
11.17 6.62694 5.87436 0.308323
11.18 6.54371 5.88979 0.308342
11.19 6.46113 5.90477 0.308363
11.2 6.37922 5.9193 0.308384
11.21 6.29799 5.93338 0.308406
11.22 6.21745 5.94702 0.30843
11.23 6.13762 5.96021 0.308454
11.24 6.05849 5.97295 0.308479
11.25 5.98009 5.98524 0.308505
11.26 5.90242 5.99709 0.308532
11.27 5.82549 6.0085 0.30856
11.28 5.7493 6.01947 0.308588
11.29 5.67387 6.03 0.308617
11.3 5.5992 6.04009 0.308647
11.31 5.5253 6.04975 0.308677
11.32 5.45216 6.05898 0.308708
11.33 5.37981 6.06778 0.30874
11.34 5.30823 6.07615 0.308772
11.35 5.23744 6.0841 0.308804
11.36 5.16743 6.09163 0.308838
11.37 5.09821 6.09874 0.308871
11.38 5.02979 6.10544 0.308905
11.39 4.96215 6.11173 0.30894
11.4 4.89531 6.11761 0.308975
11.41 4.82926 6.12308 0.30901
11.42 4.764 6.12816 0.309045
11.43 4.69954 6.13284 0.309081
11.44 4.63587 6.13713 0.309117
11.45 4.57299 6.14104 0.309154
11.46 4.51089 6.14456 0.30919
11.47 4.44959 6.14769 0.309227
11.48 4.38907 6.15046 0.309264
11.49 4.32932 6.15285 0.309301
11.5 4.27036 6.15488 0.309338
11.51 4.21217 6.15654 0.309376
11.52 4.15475 6.15785 0.309413
11.53 4.0981 6.1588 0.309451
11.54 4.04222 6.1594 0.309488
11.55 3.98708 6.15966 0.309526
11.56 3.93271 6.15959 0.309563
11.57 3.87908 6.15917 0.309601
11.58 3.82619 6.15843 0.309638
11.59 3.77404 6.15736 0.309676
11.6 3.72263 6.15596 0.309713
11.61 3.67194 6.15426 0.30975
11.62 3.62196 6.15224 0.309787
11.63 3.57271 6.14991 0.309825
11.64 3.52416 6.14728 0.309861
11.65 3.47631 6.14436 0.309898
11.66 3.42915 6.14114 0.309935
11.67 3.38269 6.13764 0.309971
11.68 3.3369 6.13385 0.310008
11.69 3.29179 6.12978 0.310044
11.7 3.24734 6.12544 0.310079
11.71 3.20356 6.12083 0.310115
11.72 3.16043 6.11595 0.31015
11.73 3.11794 6.11082 0.310186
11.74 3.07609 6.10543 0.31022
11.75 3.03487 6.09979 0.310255
11.76 2.99428 6.0939 0.310289
11.77 2.9543 6.08777 0.310323
11.78 2.91494 6.08141 0.310357
11.79 2.87617 6.07481 0.310391
11.8 2.838 6.06798 0.310424
11.81 2.80041 6.06093 0.310457
11.82 2.76341 6.05366 0.310489
11.83 2.72697 6.04617 0.310521
11.84 2.6911 6.03848 0.310553
11.85 2.65579 6.03057 0.310585
11.86 2.62102 6.02247 0.310616
11.87 2.5868 6.01416 0.310647
11.88 2.55311 6.00566 0.310678
11.89 2.51996 5.99697 0.310708
11.9 2.48732 5.9881 0.310737
11.91 2.45519 5.97904 0.310767
11.92 2.42357 5.9698 0.310796
11.93 2.39245 5.96039 0.310825
11.94 2.36181 5.95081 0.310853
11.95 2.33167 5.94106 0.310881
11.96 2.302 5.93115 0.310909
11.97 2.2728 5.92108 0.310936
11.98 2.24406 5.91085 0.310963
11.99 2.21578 5.90047 0.310989
12 2.18795 5.88994 0.311015
12.01 2.16057 5.87927 0.311041
12.02 2.13362 5.86846 0.311066
12.03 2.1071 5.8575 0.311091
12.04 2.081 5.84642 0.311115
12.05 2.05532 5.8352 0.31114
12.06 2.03005 5.82385 0.311163
12.07 2.00518 5.81238 0.311187
12.08 1.98071 5.80078 0.31121
12.09 1.95663 5.78907 0.311232
12.1 1.93294 5.77724 0.311254
12.11 1.90963 5.7653 0.311276
12.12 1.88668 5.75325 0.311298
12.13 1.86411 5.74109 0.311319
12.14 1.8419 5.72882 0.311339
12.15 1.82004 5.71646 0.31136
12.16 1.79854 5.704 0.311379
12.17 1.77738 5.69144 0.311399
12.18 1.75656 5.67879 0.311418
12.19 1.73607 5.66605 0.311437
12.2 1.71591 5.65322 0.311455
12.21 1.69607 5.64031 0.311473
12.22 1.67655 5.62732 0.311491
12.23 1.65734 5.61424 0.311508
12.24 1.63844 5.60109 0.311525
12.25 1.61984 5.58786 0.311542
12.26 1.60154 5.57456 0.311558
12.27 1.58353 5.56119 0.311574
12.28 1.56581 5.54775 0.311589
12.29 1.54837 5.53425 0.311604
12.3 1.53121 5.52068 0.311619
12.31 1.51432 5.50705 0.311633
12.32 1.49771 5.49336 0.311647
12.33 1.48135 5.47962 0.311661
12.34 1.46526 5.46582 0.311675
12.35 1.44942 5.45196 0.311688
12.36 1.43384 5.43806 0.3117
12.37 1.4185 5.4241 0.311713
12.38 1.40341 5.4101 0.311725
12.39 1.38856 5.39605 0.311736
12.4 1.37394 5.38196 0.311748
12.41 1.35955 5.36783 0.311759
12.42 1.34539 5.35365 0.311769
12.43 1.33146 5.33944 0.31178
12.44 1.31774 5.32519 0.31179
12.45 1.30424 5.31091 0.3118
12.46 1.29096 5.29659 0.311809
12.47 1.27788 5.28224 0.311818
12.48 1.26501 5.26786 0.311827
12.49 1.25234 5.25346 0.311836
12.5 1.23987 5.23902 0.311844
12.51 1.2276 5.22456 0.311852
12.52 1.21552 5.21008 0.31186
12.53 1.20363 5.19557 0.311867
12.54 1.19193 5.18104 0.311874
12.55 1.18041 5.16649 0.311881
12.56 1.16906 5.15193 0.311887
12.57 1.1579 5.13734 0.311894
12.58 1.14691 5.12274 0.3119
12.59 1.13609 5.10812 0.311905
12.6 1.12544 5.0935 0.311911
12.61 1.11496 5.07885 0.311916
12.62 1.10464 5.0642 0.311921
12.63 1.09448 5.04954 0.311926
12.64 1.08448 5.03487 0.31193
12.65 1.07463 5.02019 0.311934
12.66 1.06493 5.0055 0.311938
12.67 1.05539 4.99081 0.311942
12.68 1.04599 4.97611 0.311945
12.69 1.03674 4.96141 0.311948
12.7 1.02763 4.94671 0.311951
12.71 1.01866 4.93201 0.311954
12.72 1.00983 4.9173 0.311956
12.73 1.00113 4.9026 0.311959
12.74 0.992571 4.8879 0.311961
12.75 0.984141 4.8732 0.311963
12.76 0.975841 4.8585 0.311964
12.77 0.967668 4.84381 0.311966
12.78 0.95962 4.82912 0.311967
12.79 0.951696 4.81444 0.311968
12.8 0.943893 4.79976 0.311968
12.81 0.936209 4.78509 0.311969
12.82 0.928643 4.77043 0.311969
12.83 0.921192 4.75578 0.311969
12.84 0.913855 4.74114 0.311969
12.85 0.90663 4.72651 0.311969
12.86 0.899516 4.71189 0.311969
12.87 0.892509 4.69728 0.311968
12.88 0.885609 4.68268 0.311967
12.89 0.878815 4.6681 0.311966
12.9 0.872123 4.65353 0.311965
12.91 0.865534 4.63897 0.311964
12.92 0.859044 4.62443 0.311962
12.93 0.852653 4.60991 0.311961
12.94 0.846359 4.5954 0.311959
12.95 0.840161 4.58091 0.311957
12.96 0.834056 4.56643 0.311954
12.97 0.828045 4.55197 0.311952
12.98 0.822124 4.53753 0.31195
12.99 0.816293 4.52311 0.311947
13 0.810551 4.50871 0.311944
13.01 0.804895 4.49433 0.311941
13.02 0.799325 4.47997 0.311938
13.03 0.79384 4.46564 0.311935
13.04 0.788438 4.45132 0.311931
13.05 0.783117 4.43702 0.311928
13.06 0.777877 4.42275 0.311924
13.07 0.772717 4.4085 0.31192
13.08 0.767635 4.39427 0.311917
13.09 0.76263 4.38007 0.311912
13.1 0.7577 4.36589 0.311908
13.11 0.752846 4.35173 0.311904
13.12 0.748065 4.3376 0.311899
13.13 0.743357 4.32349 0.311895
13.14 0.73872 4.30941 0.31189
13.15 0.734153 4.29536 0.311885
13.16 0.729656 4.28133 0.311881
13.17 0.725228 4.26733 0.311876
13.18 0.720867 4.25336 0.31187
13.19 0.716572 4.23941 0.311865
13.2 0.712343 4.22549 0.31186
13.21 0.708178 4.2116 0.311854
13.22 0.704077 4.19773 0.311849
13.23 0.700039 4.1839 0.311843
13.24 0.696063 4.17009 0.311837
13.25 0.692147 4.15631 0.311832
13.26 0.688292 4.14257 0.311826
13.27 0.684495 4.12885 0.31182
13.28 0.680758 4.11516 0.311814
13.29 0.677077 4.1015 0.311807
13.3 0.673454 4.08787 0.311801
13.31 0.669887 4.07427 0.311795
13.32 0.666375 4.0607 0.311788
13.33 0.662917 4.04717 0.311782
13.34 0.659513 4.03366 0.311775
13.35 0.656162 4.02019 0.311768
13.36 0.652864 4.00674 0.311762
13.37 0.649617 3.99333 0.311755
13.38 0.646421 3.97995 0.311748
13.39 0.643275 3.96661 0.311741
13.4 0.640179 3.95329 0.311734
13.41 0.637132 3.94001 0.311727
13.42 0.634133 3.92676 0.31172
13.43 0.631181 3.91354 0.311713
13.44 0.628277 3.90036 0.311705
13.45 0.625419 3.88721 0.311698
13.46 0.622607 3.87409 0.311691
13.47 0.61984 3.861 0.311683
13.48 0.617118 3.84795 0.311676
13.49 0.61444 3.83494 0.311668
13.5 0.611805 3.82195 0.311661
13.51 0.609214 3.809 0.311653
13.52 0.606664 3.79609 0.311645
13.53 0.604157 3.78321 0.311638
13.54 0.601691 3.77036 0.31163
13.55 0.599266 3.75755 0.311622
13.56 0.596882 3.74477 0.311614
13.57 0.594537 3.73202 0.311606
13.58 0.592232 3.71932 0.311598
13.59 0.589966 3.70664 0.311591
13.6 0.587738 3.694 0.311583
13.61 0.585548 3.6814 0.311575
13.62 0.583396 3.66883 0.311567
13.63 0.581282 3.65629 0.311558
13.64 0.579203 3.64379 0.31155
13.65 0.577161 3.63133 0.311542
13.66 0.575155 3.6189 0.311534
13.67 0.573185 3.6065 0.311526
13.68 0.57125 3.59414 0.311518
13.69 0.569349 3.58182 0.31151
13.7 0.567482 3.56953 0.311501
13.71 0.56565 3.55728 0.311493
13.72 0.563851 3.54506 0.311485
13.73 0.562085 3.53288 0.311477
13.74 0.560353 3.52074 0.311468
13.75 0.558652 3.50863 0.31146
13.76 0.556984 3.49655 0.311452
13.77 0.555347 3.48451 0.311443
13.78 0.553742 3.47251 0.311435
13.79 0.552169 3.46054 0.311427
13.8 0.550626 3.44861 0.311418
13.81 0.549113 3.43672 0.31141
13.82 0.547631 3.42486 0.311402
13.83 0.546178 3.41303 0.311393
13.84 0.544756 3.40124 0.311385
13.85 0.543362 3.38949 0.311377
13.86 0.541998 3.37778 0.311368
13.87 0.540662 3.3661 0.31136
13.88 0.539355 3.35445 0.311352
13.89 0.538076 3.34284 0.311343
13.9 0.536825 3.33127 0.311335
13.91 0.535601 3.31973 0.311327
13.92 0.534405 3.30823 0.311318
13.93 0.533237 3.29677 0.31131
13.94 0.532095 3.28534 0.311302
13.95 0.53098 3.27395 0.311293
13.96 0.529891 3.26259 0.311285
13.97 0.528828 3.25127 0.311277
13.98 0.527792 3.23998 0.311269
13.99 0.526781 3.22873 0.31126
14 0.525796 3.21752 0.311252
14.01 0.524836 3.20634 0.311244
14.02 0.523902 3.1952 0.311236
14.03 0.522992 3.18409 0.311228
14.04 0.522107 3.17302 0.311219
14.05 0.521247 3.16198 0.311211
14.06 0.520411 3.15098 0.311203
14.07 0.519599 3.14002 0.311195
14.08 0.518811 3.12909 0.311187
14.09 0.518047 3.1182 0.311179
14.1 0.517306 3.10734 0.311171
14.11 0.516589 3.09652 0.311163
14.12 0.515896 3.08573 0.311155
14.13 0.515225 3.07498 0.311147
14.14 0.514577 3.06426 0.311139
14.15 0.513952 3.05358 0.311131
14.16 0.51335 3.04294 0.311123
14.17 0.512771 3.03233 0.311115
14.18 0.512213 3.02176 0.311108
14.19 0.511678 3.01122 0.3111
14.2 0.511165 3.00071 0.311092
14.21 0.510674 2.99024 0.311084
14.22 0.510204 2.97981 0.311077
14.23 0.509756 2.96941 0.311069
14.24 0.50933 2.95905 0.311061
14.25 0.508925 2.94872 0.311054
14.26 0.508542 2.93842 0.311046
14.27 0.508179 2.92816 0.311039
14.28 0.507838 2.91794 0.311031
14.29 0.507517 2.90775 0.311024
14.3 0.507218 2.89759 0.311016
14.31 0.506939 2.88747 0.311009
14.32 0.506681 2.87739 0.311002
14.33 0.506443 2.86734 0.310995
14.34 0.506225 2.85732 0.310987
14.35 0.506028 2.84734 0.31098
14.36 0.505851 2.83739 0.310973
14.37 0.505695 2.82747 0.310966
14.38 0.505558 2.81759 0.310959
14.39 0.505441 2.80775 0.310952
14.4 0.505344 2.79793 0.310945
14.41 0.505267 2.78816 0.310938
14.42 0.50521 2.77841 0.310931
14.43 0.505172 2.7687 0.310924
14.44 0.505154 2.75903 0.310917
14.45 0.505155 2.74938 0.310911
14.46 0.505176 2.73978 0.310904
14.47 0.505216 2.7302 0.310897
14.48 0.505275 2.72066 0.310891
14.49 0.505353 2.71115 0.310884
14.5 0.505451 2.70168 0.310878
14.51 0.505568 2.69224 0.310871
14.52 0.505704 2.68283 0.310865
14.53 0.505859 2.67345 0.310858
14.54 0.506032 2.66411 0.310852
14.55 0.506225 2.6548 0.310846
14.56 0.506437 2.64553 0.31084
14.57 0.506667 2.63629 0.310833
14.58 0.506916 2.62708 0.310827
14.59 0.507184 2.6179 0.310821
14.6 0.50747 2.60876 0.310815
14.61 0.507776 2.59965 0.310809
14.62 0.508099 2.59057 0.310804
14.63 0.508442 2.58152 0.310798
14.64 0.508803 2.57251 0.310792
14.65 0.509182 2.56353 0.310786
14.66 0.50958 2.55458 0.310781
14.67 0.509997 2.54566 0.310775
14.68 0.510432 2.53678 0.310769
14.69 0.510885 2.52792 0.310764
14.7 0.511357 2.5191 0.310759
14.71 0.511847 2.51032 0.310753
14.72 0.512356 2.50156 0.310748
14.73 0.512883 2.49283 0.310743
14.74 0.513429 2.48414 0.310737
14.75 0.513992 2.47548 0.310732
14.76 0.514574 2.46685 0.310727
14.77 0.515175 2.45825 0.310722
14.78 0.515794 2.44969 0.310717
14.79 0.516431 2.44115 0.310712
14.8 0.517087 2.43265 0.310707
14.81 0.517761 2.42417 0.310703
14.82 0.518453 2.41573 0.310698
14.83 0.519163 2.40732 0.310693
14.84 0.519892 2.39894 0.310689
14.85 0.52064 2.39059 0.310684
14.86 0.521406 2.38228 0.31068
14.87 0.52219 2.37399 0.310675
14.88 0.522993 2.36573 0.310671
14.89 0.523814 2.35751 0.310667
14.9 0.524653 2.34931 0.310662
14.91 0.525511 2.34115 0.310658
14.92 0.526388 2.33301 0.310654
14.93 0.527283 2.32491 0.31065
14.94 0.528196 2.31684 0.310646
14.95 0.529129 2.30879 0.310642
14.96 0.530079 2.30078 0.310638
14.97 0.531049 2.2928 0.310635
14.98 0.532037 2.28484 0.310631
14.99 0.533044 2.27692 0.310627
15 0.534069 2.26902 0.310624
15.01 0.535113 2.26116 0.31062
15.02 0.536177 2.25333 0.310617
15.03 0.537258 2.24552 0.310613
15.04 0.538359 2.23774 0.31061
15.05 0.539479 2.23 0.310607
15.06 0.540618 2.22228 0.310604
15.07 0.541776 2.21459 0.310601
15.08 0.542953 2.20693 0.310597
15.09 0.544149 2.19931 0.310594
15.1 0.545364 2.1917 0.310592
15.11 0.546598 2.18413 0.310589
15.12 0.547852 2.17659 0.310586
15.13 0.549125 2.16908 0.310583
15.14 0.550417 2.16159 0.31058
15.15 0.551729 2.15413 0.310578
15.16 0.553061 2.14671 0.310575
15.17 0.554412 2.13931 0.310573
15.18 0.555782 2.13194 0.310571
15.19 0.557173 2.12459 0.310568
15.2 0.558583 2.11728 0.310566
15.21 0.560013 2.10999 0.310564
15.22 0.561463 2.10273 0.310562
15.23 0.562933 2.0955 0.31056
15.24 0.564423 2.0883 0.310558
15.25 0.565933 2.08113 0.310556
15.26 0.567463 2.07398 0.310554
15.27 0.569014 2.06686 0.310552
15.28 0.570585 2.05977 0.31055
15.29 0.572176 2.05271 0.310549
15.3 0.573788 2.04567 0.310547
15.31 0.575421 2.03866 0.310546
15.32 0.577074 2.03168 0.310544
15.33 0.578748 2.02472 0.310543
15.34 0.580443 2.0178 0.310541
15.35 0.582159 2.0109 0.31054
15.36 0.583896 2.00402 0.310539
15.37 0.585655 1.99718 0.310538
15.38 0.587434 1.99036 0.310537
15.39 0.589235 1.98357 0.310536
15.4 0.591058 1.9768 0.310535
15.41 0.592902 1.97006 0.310534
15.42 0.594767 1.96335 0.310533
15.43 0.596655 1.95667 0.310533
15.44 0.598564 1.95001 0.310532
15.45 0.600495 1.94337 0.310531
15.46 0.602448 1.93677 0.310531
15.47 0.604424 1.93019 0.31053
15.48 0.606422 1.92363 0.31053
15.49 0.608442 1.9171 0.31053
15.5 0.610485 1.9106 0.31053
15.51 0.612551 1.90413 0.310529
15.52 0.614639 1.89768 0.310529
15.53 0.61675 1.89125 0.310529
15.54 0.618885 1.88485 0.310529
15.55 0.621042 1.87848 0.310529
15.56 0.623223 1.87213 0.31053
15.57 0.625427 1.86581 0.31053
15.58 0.627655 1.85952 0.31053
15.59 0.629906 1.85324 0.310531
15.6 0.632182 1.847 0.310531
15.61 0.634481 1.84078 0.310531
15.62 0.636804 1.83458 0.310532
15.63 0.639151 1.82841 0.310533
15.64 0.641523 1.82227 0.310533
15.65 0.64392 1.81615 0.310534
15.66 0.646341 1.81005 0.310535
15.67 0.648786 1.80398 0.310536
15.68 0.651257 1.79794 0.310537
15.69 0.653753 1.79192 0.310538
15.7 0.656274 1.78592 0.310539
15.71 0.658821 1.77995 0.31054
15.72 0.661393 1.774 0.310542
15.73 0.66399 1.76808 0.310543
15.74 0.666614 1.76218 0.310544
15.75 0.669264 1.75631 0.310546
15.76 0.671939 1.75046 0.310547
15.77 0.674642 1.74463 0.310549
15.78 0.67737 1.73883 0.31055
15.79 0.680126 1.73305 0.310552
15.8 0.682908 1.7273 0.310554
15.81 0.685717 1.72157 0.310556
15.82 0.688554 1.71586 0.310558
15.83 0.691418 1.71018 0.31056
15.84 0.694309 1.70452 0.310562
15.85 0.697228 1.69889 0.310564
15.86 0.700175 1.69328 0.310566
15.87 0.703151 1.68769 0.310568
15.88 0.706154 1.68213 0.31057
15.89 0.709186 1.67658 0.310573
15.9 0.712247 1.67107 0.310575
15.91 0.715336 1.66557 0.310578
15.92 0.718455 1.6601 0.31058
15.93 0.721603 1.65465 0.310583
15.94 0.72478 1.64923 0.310585
15.95 0.727987 1.64383 0.310588
15.96 0.731224 1.63845 0.310591
15.97 0.734491 1.63309 0.310594
15.98 0.737788 1.62776 0.310597
15.99 0.741115 1.62245 0.3106
16 0.744473 1.61716 0.310603
16.01 0.747863 1.6119 0.310606
16.02 0.751283 1.60666 0.310609
16.03 0.754734 1.60144 0.310612
16.04 0.758218 1.59624 0.310616
16.05 0.761732 1.59107 0.310619
16.06 0.765279 1.58591 0.310623
16.07 0.768858 1.58078 0.310626
16.08 0.77247 1.57568 0.31063
16.09 0.776114 1.57059 0.310633
16.1 0.779791 1.56553 0.310637
16.11 0.783502 1.56049 0.310641
16.12 0.787245 1.55547 0.310644
16.13 0.791023 1.55047 0.310648
16.14 0.794834 1.54549 0.310652
16.15 0.798679 1.54054 0.310656
16.16 0.802559 1.53561 0.31066
16.17 0.806473 1.5307 0.310664
16.18 0.810422 1.52581 0.310668
16.19 0.814406 1.52094 0.310673
16.2 0.818426 1.5161 0.310677
16.21 0.822481 1.51127 0.310681
16.22 0.826572 1.50647 0.310686
16.23 0.8307 1.50169 0.31069
16.24 0.834863 1.49693 0.310695
16.25 0.839064 1.49219 0.310699
16.26 0.843301 1.48748 0.310704
16.27 0.847576 1.48278 0.310708
16.28 0.851888 1.47811 0.310713
16.29 0.856238 1.47345 0.310718
16.3 0.860625 1.46882 0.310723
16.31 0.865052 1.46421 0.310728
16.32 0.869517 1.45962 0.310733
16.33 0.874021 1.45505 0.310738
16.34 0.878564 1.4505 0.310743
16.35 0.883147 1.44598 0.310748
16.36 0.887769 1.44147 0.310753
16.37 0.892432 1.43698 0.310758
16.38 0.897135 1.43252 0.310764
16.39 0.901879 1.42807 0.310769
16.4 0.906663 1.42365 0.310775
16.41 0.91149 1.41924 0.31078
16.42 0.916357 1.41486 0.310786
16.43 0.921267 1.4105 0.310791
16.44 0.926219 1.40615 0.310797
16.45 0.931214 1.40183 0.310802
16.46 0.936252 1.39753 0.310808
16.47 0.941333 1.39325 0.310814
16.48 0.946458 1.38899 0.31082
16.49 0.951626 1.38475 0.310826
16.5 0.956839 1.38052 0.310832
16.51 0.962097 1.37632 0.310838
16.52 0.967399 1.37214 0.310844
16.53 0.972747 1.36798 0.31085
16.54 0.978141 1.36384 0.310856
16.55 0.98358 1.35972 0.310862
16.56 0.989066 1.35562 0.310868
16.57 0.994599 1.35154 0.310875
16.58 1.00018 1.34747 0.310881
16.59 1.00581 1.34343 0.310888
16.6 1.01148 1.33941 0.310894
16.61 1.0172 1.33541 0.310901
16.62 1.02298 1.33142 0.310907
16.63 1.0288 1.32746 0.310914
16.64 1.03467 1.32352 0.31092
16.65 1.04059 1.31959 0.310927
16.66 1.04656 1.31569 0.310934
16.67 1.05258 1.3118 0.310941
16.68 1.05865 1.30793 0.310948
16.69 1.06477 1.30409 0.310954
16.7 1.07095 1.30026 0.310961
16.71 1.07717 1.29645 0.310968
16.72 1.08345 1.29266 0.310975
16.73 1.08979 1.28889 0.310983
16.74 1.09617 1.28514 0.31099
16.75 1.10261 1.28141 0.310997
16.76 1.1091 1.27769 0.311004
16.77 1.11565 1.274 0.311011
16.78 1.12226 1.27033 0.311019
16.79 1.12891 1.26667 0.311026
16.8 1.13563 1.26303 0.311034
16.81 1.1424 1.25942 0.311041
16.82 1.14923 1.25582 0.311048
16.83 1.15611 1.25224 0.311056
16.84 1.16306 1.24868 0.311064
16.85 1.17006 1.24513 0.311071
16.86 1.17712 1.24161 0.311079
16.87 1.18423 1.23811 0.311087
16.88 1.19141 1.23462 0.311094
16.89 1.19865 1.23115 0.311102
16.9 1.20595 1.2277 0.31111
16.91 1.21331 1.22427 0.311118
16.92 1.22073 1.22086 0.311126
16.93 1.22821 1.21747 0.311134
16.94 1.23576 1.21409 0.311142
16.95 1.24337 1.21074 0.31115
16.96 1.25104 1.2074 0.311158
16.97 1.25878 1.20408 0.311166
16.98 1.26658 1.20078 0.311174
16.99 1.27444 1.1975 0.311182
17 1.28237 1.19423 0.311191
17.01 1.29037 1.19099 0.311199
17.02 1.29843 1.18776 0.311207
17.03 1.30656 1.18455 0.311216
17.04 1.31476 1.18136 0.311224
17.05 1.32303 1.17819 0.311233
17.06 1.33136 1.17504 0.311241
17.07 1.33977 1.1719 0.31125
17.08 1.34824 1.16878 0.311258
17.09 1.35679 1.16568 0.311267
17.1 1.3654 1.1626 0.311275
17.11 1.37409 1.15954 0.311284
17.12 1.38285 1.15649 0.311293
17.13 1.39168 1.15347 0.311301
17.14 1.40058 1.15046 0.31131
17.15 1.40956 1.14747 0.311319
17.16 1.41861 1.1445 0.311328
17.17 1.42774 1.14154 0.311337
17.18 1.43694 1.1386 0.311346
17.19 1.44622 1.13569 0.311354
17.2 1.45557 1.13279 0.311363
17.21 1.46501 1.1299 0.311372
17.22 1.47452 1.12704 0.311381
17.23 1.48411 1.12419 0.311391
17.24 1.49378 1.12136 0.3114
17.25 1.50352 1.11855 0.311409
17.26 1.51335 1.11576 0.311418
17.27 1.52326 1.11299 0.311427
17.28 1.53325 1.11023 0.311436
17.29 1.54333 1.10749 0.311446
17.3 1.55348 1.10477 0.311455
17.31 1.56372 1.10207 0.311464
17.32 1.57405 1.09938 0.311473
17.33 1.58446 1.09672 0.311483
17.34 1.59495 1.09407 0.311492
17.35 1.60553 1.09144 0.311502
17.36 1.6162 1.08882 0.311511
17.37 1.62696 1.08623 0.311521
17.38 1.6378 1.08365 0.31153
17.39 1.64873 1.08109 0.31154
17.4 1.65976 1.07855 0.311549
17.41 1.67087 1.07602 0.311559
17.42 1.68208 1.07352 0.311568
17.43 1.69337 1.07103 0.311578
17.44 1.70476 1.06856 0.311588
17.45 1.71624 1.06611 0.311597
17.46 1.72782 1.06367 0.311607
17.47 1.73949 1.06125 0.311617
17.48 1.75126 1.05886 0.311626
17.49 1.76312 1.05647 0.311636
17.5 1.77508 1.05411 0.311646
17.51 1.78714 1.05177 0.311656
17.52 1.7993 1.04944 0.311666
17.53 1.81155 1.04713 0.311676
17.54 1.82391 1.04484 0.311685
17.55 1.83637 1.04256 0.311695
17.56 1.84893 1.04031 0.311705
17.57 1.86159 1.03807 0.311715
17.58 1.87435 1.03585 0.311725
17.59 1.88722 1.03365 0.311735
17.6 1.90019 1.03146 0.311745
17.61 1.91327 1.0293 0.311755
17.62 1.92645 1.02715 0.311765
17.63 1.93975 1.02502 0.311775
17.64 1.95315 1.02291 0.311786
17.65 1.96666 1.02082 0.311796
17.66 1.98028 1.01874 0.311806
17.67 1.99401 1.01668 0.311816
17.68 2.00785 1.01464 0.311826
17.69 2.0218 1.01262 0.311836
17.7 2.03587 1.01062 0.311847
17.71 2.05005 1.00863 0.311857
17.72 2.06434 1.00667 0.311867
17.73 2.07876 1.00472 0.311877
17.74 2.09328 1.00279 0.311888
17.75 2.10793 1.00088 0.311898
17.76 2.12269 0.998982 0.311908
17.77 2.13758 0.997107 0.311918
17.78 2.15258 0.99525 0.311929
17.79 2.16771 0.993411 0.311939
17.8 2.18295 0.991591 0.31195
17.81 2.19832 0.989789 0.31196
17.82 2.21382 0.988006 0.31197
17.83 2.22943 0.986241 0.311981
17.84 2.24518 0.984495 0.311991
17.85 2.26105 0.982767 0.312002
17.86 2.27705 0.981058 0.312012
17.87 2.29318 0.979368 0.312022
17.88 2.30943 0.977696 0.312033
17.89 2.32582 0.976043 0.312043
17.9 2.34234 0.974409 0.312054
17.91 2.35899 0.972794 0.312064
17.92 2.37577 0.971198 0.312075
17.93 2.39269 0.96962 0.312085
17.94 2.40975 0.968062 0.312096
17.95 2.42694 0.966522 0.312106
17.96 2.44427 0.965002 0.312117
17.97 2.46173 0.963501 0.312128
17.98 2.47934 0.962019 0.312138
17.99 2.49709 0.960556 0.312149
18 2.51497 0.959112 0.312159
18.01 2.53301 0.957688 0.31217
18.02 2.55118 0.956283 0.312181
18.03 2.5695 0.954897 0.312191
18.04 2.58796 0.953531 0.312202
18.05 2.60657 0.952185 0.312212
18.06 2.62533 0.950858 0.312223
18.07 2.64424 0.949551 0.312234
18.08 2.6633 0.948264 0.312244
18.09 2.6825 0.946996 0.312255
18.1 2.70186 0.945748 0.312266
18.11 2.72138 0.944521 0.312276
18.12 2.74104 0.943313 0.312287
18.13 2.76086 0.942125 0.312298
18.14 2.78084 0.940958 0.312308
18.15 2.80098 0.939811 0.312319
18.16 2.82127 0.938684 0.31233
18.17 2.84172 0.937577 0.31234
18.18 2.86234 0.936491 0.312351
18.19 2.88311 0.935426 0.312362
18.2 2.90405 0.934381 0.312373
18.21 2.92515 0.933357 0.312383
18.22 2.94642 0.932354 0.312394
18.23 2.96786 0.931372 0.312405
18.24 2.98946 0.93041 0.312416
18.25 3.01123 0.92947 0.312426
18.26 3.03317 0.928551 0.312437
18.27 3.05528 0.927653 0.312448
18.28 3.07756 0.926777 0.312459
18.29 3.10001 0.925922 0.312469
18.3 3.12264 0.925089 0.31248
18.31 3.14545 0.924277 0.312491
18.32 3.16843 0.923487 0.312502
18.33 3.19159 0.922719 0.312512
18.34 3.21492 0.921973 0.312523
18.35 3.23844 0.92125 0.312534
18.36 3.26214 0.920548 0.312545
18.37 3.28602 0.919869 0.312555
18.38 3.31008 0.919212 0.312566
18.39 3.33433 0.918578 0.312577
18.4 3.35877 0.917966 0.312588
18.41 3.38339 0.917378 0.312598
18.42 3.4082 0.916812 0.312609
18.43 3.4332 0.91627 0.31262
18.44 3.45838 0.91575 0.312631
18.45 3.48377 0.915254 0.312641
18.46 3.50934 0.914782 0.312652
18.47 3.53511 0.914333 0.312663
18.48 3.56107 0.913908 0.312674
18.49 3.58723 0.913507 0.312685
18.5 3.61359 0.91313 0.312695
18.51 3.64014 0.912777 0.312706
18.52 3.6669 0.912448 0.312717
18.53 3.69386 0.912144 0.312728
18.54 3.72102 0.911865 0.312738
18.55 3.74838 0.911611 0.312749
18.56 3.77595 0.911381 0.31276
18.57 3.80372 0.911177 0.312771
18.58 3.8317 0.910998 0.312782
18.59 3.85989 0.910845 0.312792
18.6 3.88828 0.910717 0.312803
18.61 3.91689 0.910616 0.312814
18.62 3.94571 0.91054 0.312825
18.63 3.97475 0.91049 0.312835
18.64 4.00399 0.910467 0.312846
18.65 4.03345 0.910471 0.312857
18.66 4.06313 0.910502 0.312868
18.67 4.09303 0.910559 0.312879
18.68 4.12314 0.910644 0.312889
18.69 4.15348 0.910756 0.3129
18.7 4.18403 0.910896 0.312911
18.71 4.21481 0.911063 0.312922
18.72 4.24581 0.911259 0.312932
18.73 4.27703 0.911483 0.312943
18.74 4.30848 0.911736 0.312954
18.75 4.34016 0.912017 0.312965
18.76 4.37206 0.912327 0.312976
18.77 4.40419 0.912666 0.312986
18.78 4.43655 0.913035 0.312997
18.79 4.46914 0.913434 0.313008
18.8 4.50197 0.913862 0.313019
18.81 4.53502 0.914321 0.313029
18.82 4.56831 0.91481 0.31304
18.83 4.60184 0.91533 0.313051
18.84 4.6356 0.915881 0.313062
18.85 4.6696 0.916463 0.313073
18.86 4.70384 0.917077 0.313083
18.87 4.73831 0.917722 0.313094
18.88 4.77303 0.9184 0.313105
18.89 4.80798 0.91911 0.313116
18.9 4.84318 0.919853 0.313126
18.91 4.87862 0.920628 0.313137
18.92 4.9143 0.921437 0.313148
18.93 4.95023 0.92228 0.313159
18.94 4.9864 0.923156 0.31317
18.95 5.02282 0.924066 0.31318
18.96 5.05949 0.925012 0.313191
18.97 5.0964 0.925992 0.313202
18.98 5.13357 0.927007 0.313213
18.99 5.17098 0.928058 0.313224
19 5.20864 0.929145 0.313234
19.01 5.24655 0.930268 0.313245
19.02 5.28472 0.931427 0.313256
19.03 5.32314 0.932624 0.313267
19.04 5.36181 0.933858 0.313278
19.05 5.40073 0.935129 0.313288
19.06 5.43991 0.936439 0.313299
19.07 5.47934 0.937788 0.31331
19.08 5.51903 0.939175 0.313321
19.09 5.55897 0.940602 0.313332
19.1 5.59918 0.942068 0.313343
19.11 5.63963 0.943575 0.313353
19.12 5.68035 0.945122 0.313364
19.13 5.72132 0.94671 0.313375
19.14 5.76255 0.948339 0.313386
19.15 5.80404 0.950011 0.313397
19.16 5.84579 0.951725 0.313408
19.17 5.8878 0.953481 0.313418
19.18 5.93007 0.955281 0.313429
19.19 5.9726 0.957125 0.31344
19.2 6.01538 0.959013 0.313451
19.21 6.05843 0.960946 0.313462
19.22 6.10174 0.962924 0.313473
19.23 6.14531 0.964948 0.313484
19.24 6.18913 0.967018 0.313495
19.25 6.23322 0.969135 0.313505
19.26 6.27757 0.971299 0.313516
19.27 6.32218 0.973511 0.313527
19.28 6.36705 0.975772 0.313538
19.29 6.41217 0.978082 0.313549
19.3 6.45756 0.980441 0.31356
19.31 6.50321 0.982851 0.313571
19.32 6.54911 0.985311 0.313582
19.33 6.59527 0.987823 0.313593
19.34 6.64169 0.990386 0.313603
19.35 6.68837 0.993002 0.313614
19.36 6.73531 0.995672 0.313625
19.37 6.7825 0.998395 0.313636
19.38 6.82994 1.00117 0.313647
19.39 6.87764 1.00401 0.313658
19.4 6.9256 1.0069 0.313669
19.41 6.9738 1.00984 0.31368
19.42 7.02226 1.01284 0.313691
19.43 7.07097 1.01591 0.313702
19.44 7.11993 1.01903 0.313712
19.45 7.16914 1.0222 0.313723
19.46 7.21859 1.02544 0.313734
19.47 7.26829 1.02874 0.313745
19.48 7.31823 1.03211 0.313756
19.49 7.36842 1.03553 0.313767
19.5 7.41885 1.03902 0.313778
19.51 7.46952 1.04257 0.313788
19.52 7.52043 1.04619 0.313799
19.53 7.57157 1.04987 0.31381
19.54 7.62295 1.05362 0.313821
19.55 7.67456 1.05744 0.313832
19.56 7.72639 1.06133 0.313842
19.57 7.77846 1.06528 0.313853
19.58 7.83075 1.06931 0.313864
19.59 7.88327 1.0734 0.313875
19.6 7.93601 1.07757 0.313885
19.61 7.98896 1.08181 0.313896
19.62 8.04213 1.08613 0.313907
19.63 8.09552 1.09052 0.313917
19.64 8.14911 1.09498 0.313928
19.65 8.20291 1.09953 0.313939
19.66 8.25691 1.10415 0.313949
19.67 8.31112 1.10885 0.31396
19.68 8.36552 1.11363 0.31397
19.69 8.42011 1.11849 0.313981
19.7 8.47489 1.12343 0.313991
19.71 8.52986 1.12846 0.314001
19.72 8.58501 1.13357 0.314012
19.73 8.64034 1.13877 0.314022
19.74 8.69585 1.14405 0.314032
19.75 8.75152 1.14943 0.314042
19.76 8.80736 1.15489 0.314052
19.77 8.86336 1.16044 0.314062
19.78 8.91951 1.16608 0.314072
19.79 8.97582 1.17182 0.314082
19.8 9.03227 1.17765 0.314092
19.81 9.08887 1.18358 0.314102
19.82 9.1456 1.1896 0.314112
19.83 9.20245 1.19572 0.314121
19.84 9.25944 1.20194 0.314131
19.85 9.31654 1.20826 0.31414
19.86 9.37376 1.21469 0.31415
19.87 9.43108 1.22121 0.314159
19.88 9.4885 1.22785 0.314168
19.89 9.54602 1.23459 0.314177
19.9 9.60362 1.24143 0.314186
19.91 9.6613 1.24839 0.314195
19.92 9.71906 1.25546 0.314203
19.93 9.77688 1.26264 0.314212
19.94 9.83476 1.26993 0.31422
19.95 9.8927 1.27734 0.314229
19.96 9.95067 1.28487 0.314237
19.97 10.0087 1.29251 0.314245
19.98 10.0667 1.30028 0.314253
19.99 10.1248 1.30817 0.31426
20 10.1829 1.31618 0.314268
20.01 10.2409 1.32432 0.314275
20.02 10.299 1.33258 0.314282
20.03 10.357 1.34098 0.314289
20.04 10.4151 1.3495 0.314296
20.05 10.473 1.35816 0.314302
20.06 10.531 1.36695 0.314308
20.07 10.5889 1.37588 0.314315
20.08 10.6467 1.38494 0.31432
20.09 10.7044 1.39415 0.314326
20.1 10.7621 1.4035 0.314331
20.11 10.8196 1.41299 0.314336
20.12 10.8771 1.42262 0.314341
20.13 10.9344 1.43241 0.314346
20.14 10.9916 1.44234 0.31435
20.15 11.0486 1.45242 0.314354
20.16 11.1055 1.46266 0.314357
20.17 11.1623 1.47305 0.314361
20.18 11.2188 1.4836 0.314364
20.19 11.2752 1.49431 0.314366
20.2 11.3313 1.50519 0.314369
20.21 11.3872 1.51622 0.314371
20.22 11.4429 1.52742 0.314372
20.23 11.4983 1.53879 0.314373
20.24 11.5535 1.55033 0.314374
20.25 11.6084 1.56204 0.314374
20.26 11.663 1.57392 0.314374
20.27 11.7173 1.58598 0.314374
20.28 11.7713 1.59822 0.314373
20.29 11.825 1.61064 0.314371
20.3 11.8783 1.62325 0.314369
20.31 11.9312 1.63604 0.314367
20.32 11.9837 1.64901 0.314364
20.33 12.0359 1.66218 0.314361
20.34 12.0876 1.67553 0.314357
20.35 12.1389 1.68908 0.314352
20.36 12.1897 1.70283 0.314347
20.37 12.2401 1.71678 0.314342
20.38 12.29 1.73092 0.314336
20.39 12.3394 1.74527 0.314329
20.4 12.3883 1.75983 0.314321
20.41 12.4366 1.77459 0.314313
20.42 12.4844 1.78956 0.314305
20.43 12.5316 1.80474 0.314295
20.44 12.5782 1.82014 0.314285
20.45 12.6242 1.83576 0.314275
20.46 12.6696 1.85159 0.314263
20.47 12.7143 1.86764 0.314251
20.48 12.7583 1.88392 0.314239
20.49 12.8017 1.90042 0.314225
20.5 12.8443 1.91714 0.314211
20.51 12.8863 1.9341 0.314196
20.52 12.9274 1.95129 0.31418
20.53 12.9678 1.96871 0.314163
20.54 13.0074 1.98636 0.314146
20.55 13.0462 2.00425 0.314127
20.56 13.0842 2.02238 0.314108
20.57 13.1213 2.04075 0.314088
20.58 13.1576 2.05937 0.314067
20.59 13.1929 2.07823 0.314045
20.6 13.2274 2.09733 0.314023
20.61 13.2609 2.11669 0.313999
20.62 13.2934 2.13629 0.313974
20.63 13.325 2.15614 0.313949
20.64 13.3556 2.17625 0.313923
20.65 13.3852 2.19661 0.313895
20.66 13.4137 2.21722 0.313867
20.67 13.4412 2.2381 0.313838
20.68 13.4675 2.25923 0.313807
20.69 13.4928 2.28062 0.313776
20.7 13.517 2.30226 0.313744
20.71 13.54 2.32418 0.31371
20.72 13.5619 2.34635 0.313676
20.73 13.5826 2.36878 0.313641
20.74 13.602 2.39148 0.313604
20.75 13.6203 2.41445 0.313567
20.76 13.6373 2.43767 0.313528
20.77 13.6531 2.46117 0.313489
20.78 13.6675 2.48492 0.313448
20.79 13.6807 2.50895 0.313406
20.8 13.6926 2.53324 0.313364
20.81 13.7031 2.55779 0.31332
20.82 13.7123 2.58261 0.313275
20.83 13.7201 2.60769 0.313229
20.84 13.7265 2.63304 0.313183
20.85 13.7315 2.65865 0.313135
20.86 13.7351 2.68452 0.313086
20.87 13.7373 2.71065 0.313036
20.88 13.738 2.73705 0.312985
20.89 13.7372 2.7637 0.312933
20.9 13.735 2.79061 0.31288
20.91 13.7313 2.81778 0.312826
20.92 13.7261 2.8452 0.312771
20.93 13.7193 2.87287 0.312715
20.94 13.711 2.9008 0.312658
20.95 13.7012 2.92897 0.3126
20.96 13.6899 2.95738 0.312542
20.97 13.6769 2.98604 0.312482
20.98 13.6624 3.01493 0.312421
20.99 13.6464 3.04406 0.31236
21 13.6287 3.07343 0.312298
21.01 13.6095 3.10302 0.312235
21.02 13.5886 3.13284 0.312171
21.03 13.5662 3.16288 0.312107
21.04 13.5421 3.19314 0.312042
21.05 13.5165 3.2236 0.311976
21.06 13.4892 3.25428 0.31191
21.07 13.4603 3.28516 0.311843
21.08 13.4299 3.31624 0.311775
21.09 13.3978 3.34751 0.311707
21.1 13.3641 3.37897 0.311638
21.11 13.3287 3.41061 0.311569
21.12 13.2918 3.44243 0.311499
21.13 13.2533 3.47442 0.311429
21.14 13.2132 3.50657 0.311359
21.15 13.1715 3.53887 0.311288
21.16 13.1282 3.57133 0.311217
21.17 13.0834 3.60393 0.311146
21.18 13.037 3.63667 0.311075
21.19 12.989 3.66953 0.311003
21.2 12.9395 3.70252 0.310932
21.21 12.8885 3.73561 0.31086
21.22 12.836 3.76882 0.310789
21.23 12.782 3.80212 0.310717
21.24 12.7265 3.83551 0.310646
21.25 12.6695 3.86898 0.310575
21.26 12.6111 3.90252 0.310504
21.27 12.5513 3.93613 0.310433
21.28 12.49 3.96979 0.310363
21.29 12.4274 4.00349 0.310293
21.3 12.3634 4.03723 0.310223
21.31 12.2981 4.07099 0.310154
21.32 12.2315 4.10478 0.310086
21.33 12.1635 4.13856 0.310018
21.34 12.0943 4.17235 0.30995
21.35 12.0239 4.20612 0.309883
21.36 11.9522 4.23987 0.309818
21.37 11.8794 4.27359 0.309752
21.38 11.8054 4.30726 0.309688
21.39 11.7303 4.34088 0.309624
21.4 11.654 4.37444 0.309562
21.41 11.5768 4.40792 0.3095
21.42 11.4984 4.44132 0.30944
21.43 11.4191 4.47462 0.30938
21.44 11.3388 4.50782 0.309322
21.45 11.2576 4.5409 0.309264
21.46 11.1755 4.57386 0.309208
21.47 11.0925 4.60668 0.309153
21.48 11.0086 4.63935 0.3091
21.49 10.924 4.67186 0.309047
21.5 10.8386 4.70421 0.308996
21.51 10.7525 4.73638 0.308946
21.52 10.6657 4.76836 0.308898
21.53 10.5782 4.80015 0.308851
21.54 10.4901 4.83172 0.308806
21.55 10.4015 4.86308 0.308762
21.56 10.3123 4.89421 0.308719
21.57 10.2225 4.92511 0.308678
21.58 10.1323 4.95575 0.308639
21.59 10.0417 4.98615 0.308601
21.6 9.95069 5.01627 0.308565
21.61 9.8593 5.04612 0.30853
21.62 9.76758 5.07569 0.308497
21.63 9.67557 5.10496 0.308466
21.64 9.5833 5.13393 0.308436
21.65 9.49082 5.1626 0.308408
21.66 9.39816 5.19095 0.308381
21.67 9.30534 5.21897 0.308356
21.68 9.21241 5.24666 0.308333
21.69 9.1194 5.274 0.308311
21.7 9.02635 5.301 0.308291
21.71 8.93328 5.32765 0.308273
21.72 8.84024 5.35393 0.308256
21.73 8.74724 5.37985 0.308241
21.74 8.65433 5.40538 0.308228
21.75 8.56154 5.43054 0.308216
21.76 8.46889 5.45531 0.308206
21.77 8.37642 5.47969 0.308197
21.78 8.28416 5.50368 0.30819
21.79 8.19213 5.52725 0.308185
21.8 8.10036 5.55043 0.308181
21.81 8.00889 5.57318 0.308178
21.82 7.91773 5.59553 0.308178
21.83 7.82692 5.61745 0.308178
21.84 7.73647 5.63895 0.30818
21.85 7.64642 5.66002 0.308184
21.86 7.55678 5.68065 0.308189
21.87 7.46758 5.70086 0.308195
21.88 7.37885 5.72063 0.308202
21.89 7.2906 5.73996 0.308211
21.9 7.20286 5.75884 0.308222
21.91 7.11564 5.77729 0.308233
21.92 7.02896 5.79529 0.308246
21.93 6.94284 5.81284 0.30826
21.94 6.85731 5.82995 0.308275
21.95 6.77237 5.84661 0.308292
21.96 6.68805 5.86282 0.308309
21.97 6.60435 5.87858 0.308328
21.98 6.5213 5.89389 0.308348
21.99 6.4389 5.90875 0.308368
22 6.35718 5.92316 0.30839
22.01 6.27613 5.93712 0.308413
22.02 6.19578 5.95063 0.308436
22.03 6.11614 5.9637 0.308461
22.04 6.03721 5.97632 0.308486
22.05 5.959 5.98849 0.308512
22.06 5.88153 6.00022 0.308539
22.07 5.8048 6.01151 0.308567
22.08 5.72881 6.02236 0.308596
22.09 5.65359 6.03278 0.308625
22.1 5.57913 6.04275 0.308655
22.11 5.50543 6.05229 0.308685
22.12 5.43251 6.0614 0.308717
22.13 5.36036 6.07009 0.308748
22.14 5.289 6.07834 0.308781
22.15 5.21842 6.08618 0.308813
22.16 5.14862 6.0936 0.308847
22.17 5.07962 6.10059 0.30888
22.18 5.01141 6.10718 0.308915
22.19 4.94399 6.11336 0.308949
22.2 4.87736 6.11913 0.308984
22.21 4.81152 6.1245 0.309019
22.22 4.74648 6.12947 0.309055
22.23 4.68223 6.13404 0.309091
22.24 4.61878 6.13823 0.309127
22.25 4.55611 6.14203 0.309164
22.26 4.49423 6.14544 0.3092
22.27 4.43313 6.14848 0.309237
22.28 4.37282 6.15114 0.309274
22.29 4.31329 6.15344 0.309311
22.3 4.25454 6.15536 0.309348
22.31 4.19656 6.15693 0.309386
22.32 4.13935 6.15814 0.309423
22.33 4.08291 6.159 0.309461
22.34 4.02722 6.15951 0.309498
22.35 3.9723 6.15968 0.309536
22.36 3.91812 6.15951 0.309573
22.37 3.86469 6.159 0.309611
22.38 3.81201 6.15817 0.309648
22.39 3.76006 6.15701 0.309686
22.4 3.70884 6.15553 0.309723
22.41 3.65834 6.15374 0.30976
22.42 3.60856 6.15164 0.309798
22.43 3.5595 6.14923 0.309835
22.44 3.51114 6.14652 0.309871
22.45 3.46348 6.14352 0.309908
22.46 3.41651 6.14022 0.309945
22.47 3.37023 6.13664 0.309981
22.48 3.32463 6.13277 0.310017
22.49 3.2797 6.12863 0.310053
22.5 3.23543 6.12422 0.310089
22.51 3.19182 6.11953 0.310125
22.52 3.14887 6.11459 0.31016
22.53 3.10655 6.10938 0.310195
22.54 3.06488 6.10393 0.31023
22.55 3.02383 6.09822 0.310264
22.56 2.9834 6.09227 0.310299
22.57 2.94359 6.08607 0.310333
22.58 2.90439 6.07964 0.310366
22.59 2.86578 6.07298 0.3104
22.6 2.82777 6.06609 0.310433
22.61 2.79034 6.05898 0.310466
22.62 2.75349 6.05165 0.310498
22.63 2.71721 6.04411 0.31053
22.64 2.68149 6.03636 0.310562
22.65 2.64633 6.0284 0.310593
22.66 2.61171 6.02024 0.310625
22.67 2.57763 6.01188 0.310655
22.68 2.54409 6.00333 0.310686
22.69 2.51107 5.99459 0.310716
22.7 2.47857 5.98566 0.310745
22.71 2.44658 5.97656 0.310775
22.72 2.4151 5.96727 0.310804
22.73 2.38411 5.95781 0.310832
22.74 2.35361 5.94819 0.310861
22.75 2.32359 5.93839 0.310888
22.76 2.29405 5.92844 0.310916
22.77 2.26498 5.91833 0.310943
22.78 2.23637 5.90806 0.31097
22.79 2.20821 5.89764 0.310996
22.8 2.1805 5.88707 0.311022
22.81 2.15323 5.87636 0.311048
22.82 2.1264 5.86551 0.311073
22.83 2.09999 5.85452 0.311098
22.84 2.07401 5.84339 0.311122
22.85 2.04844 5.83214 0.311146
22.86 2.02328 5.82076 0.31117
22.87 1.99852 5.80925 0.311193
22.88 1.97416 5.79762 0.311216
22.89 1.95018 5.78588 0.311238
22.9 1.92659 5.77402 0.31126
22.91 1.90338 5.76205 0.311282
22.92 1.88054 5.74997 0.311303
22.93 1.85807 5.73778 0.311324
22.94 1.83595 5.72549 0.311345
22.95 1.81419 5.7131 0.311365
22.96 1.79278 5.70061 0.311385
22.97 1.77171 5.68803 0.311404
22.98 1.75098 5.67535 0.311423
22.99 1.73058 5.66259 0.311442
23 1.71051 5.64974 0.31146
23.01 1.69075 5.6368 0.311478
23.02 1.67132 5.62379 0.311496
23.03 1.65219 5.61069 0.311513
23.04 1.63338 5.59752 0.31153
23.05 1.61486 5.58427 0.311546
23.06 1.59664 5.57095 0.311562
23.07 1.57871 5.55756 0.311578
23.08 1.56106 5.54411 0.311593
23.09 1.5437 5.53058 0.311608
23.1 1.52661 5.517 0.311623
23.11 1.5098 5.50335 0.311637
23.12 1.49325 5.48965 0.311651
23.13 1.47697 5.47589 0.311665
23.14 1.46095 5.46207 0.311678
23.15 1.44518 5.4482 0.311691
23.16 1.42967 5.43429 0.311704
23.17 1.41439 5.42032 0.311716
23.18 1.39937 5.4063 0.311728
23.19 1.38458 5.39224 0.311739
23.2 1.37002 5.37814 0.311751
23.21 1.3557 5.364 0.311762
23.22 1.3416 5.34981 0.311772
23.23 1.32772 5.33559 0.311783
23.24 1.31407 5.32133 0.311793
23.25 1.30063 5.30704 0.311802
23.26 1.2874 5.29271 0.311812
23.27 1.27438 5.27836 0.311821
23.28 1.26156 5.26397 0.311829
23.29 1.24895 5.24955 0.311838
23.3 1.23653 5.23511 0.311846
23.31 1.22431 5.22065 0.311854
23.32 1.21229 5.20615 0.311862
23.33 1.20045 5.19164 0.311869
23.34 1.18879 5.17711 0.311876
23.35 1.17732 5.16255 0.311883
23.36 1.16603 5.14798 0.311889
23.37 1.15491 5.13339 0.311895
23.38 1.14397 5.11879 0.311901
23.39 1.1332 5.10417 0.311907
23.4 1.12259 5.08953 0.311912
23.41 1.11215 5.07489 0.311917
23.42 1.10187 5.06023 0.311922
23.43 1.09176 5.04557 0.311927
23.44 1.0818 5.0309 0.311931
23.45 1.07199 5.01621 0.311935
23.46 1.06233 5.00153 0.311939
23.47 1.05283 4.98683 0.311943
23.48 1.04347 4.97214 0.311946
23.49 1.03426 4.95744 0.311949
23.5 1.02519 4.94273 0.311952
23.51 1.01625 4.92803 0.311955
23.52 1.00746 4.91333 0.311957
23.53 0.998802 4.89862 0.311959
23.54 0.990277 4.88392 0.311961
23.55 0.981882 4.86922 0.311963
23.56 0.973617 4.85453 0.311965
23.57 0.965478 4.83983 0.311966
23.58 0.957464 4.82515 0.311967
23.59 0.949572 4.81047 0.311968
23.6 0.941802 4.79579 0.311969
23.61 0.93415 4.78113 0.311969
23.62 0.926615 4.76647 0.311969
23.63 0.919196 4.75182 0.311969
23.64 0.911889 4.73718 0.311969
23.65 0.904694 4.72255 0.311969
23.66 0.897609 4.70793 0.311968
23.67 0.890632 4.69333 0.311968
23.68 0.883761 4.67873 0.311967
23.69 0.876994 4.66415 0.311966
23.7 0.87033 4.64959 0.311965
23.71 0.863768 4.63504 0.311963
23.72 0.857305 4.6205 0.311962
23.73 0.850941 4.60598 0.31196
23.74 0.844673 4.59147 0.311958
23.75 0.8385 4.57699 0.311956
23.76 0.832421 4.56252 0.311954
23.77 0.826434 4.54806 0.311951
23.78 0.820537 4.53363 0.311949
23.79 0.814731 4.51922 0.311946
23.8 0.809012 4.50482 0.311943
23.81 0.80338 4.49045 0.31194
23.82 0.797833 4.47609 0.311937
23.83 0.79237 4.46176 0.311934
23.84 0.78699 4.44745 0.311931
23.85 0.781691 4.43316 0.311927
23.86 0.776473 4.41889 0.311923
23.87 0.771334 4.40465 0.311919
23.88 0.766273 4.39042 0.311915
23.89 0.761288 4.37623 0.311911
23.9 0.756379 4.36205 0.311907
23.91 0.751545 4.34791 0.311903
23.92 0.746784 4.33378 0.311898
23.93 0.742095 4.31968 0.311894
23.94 0.737477 4.30561 0.311889
23.95 0.73293 4.29156 0.311884
23.96 0.728451 4.27754 0.311879
23.97 0.724041 4.26355 0.311874
23.98 0.719698 4.24958 0.311869
23.99 0.715421 4.23564 0.311864
24 0.71121 4.22173 0.311858
24.01 0.707062 4.20784 0.311853
24.02 0.702978 4.19399 0.311847
24.03 0.698957 4.18016 0.311842
24.04 0.694997 4.16636 0.311836
24.05 0.691098 4.15259 0.31183
24.06 0.687259 4.13885 0.311824
24.07 0.683478 4.12514 0.311818
24.08 0.679756 4.11146 0.311812
24.09 0.676091 4.09781 0.311806
24.1 0.672483 4.08419 0.311799
24.11 0.668931 4.0706 0.311793
24.12 0.665434 4.05704 0.311786
24.13 0.661991 4.04351 0.31178
24.14 0.658601 4.03001 0.311773
24.15 0.655265 4.01655 0.311767
24.16 0.65198 4.00311 0.31176
24.17 0.648747 3.98971 0.311753
24.18 0.645565 3.97634 0.311746
24.19 0.642433 3.963 0.311739
24.2 0.63935 3.94969 0.311732
24.21 0.636315 3.93642 0.311725
24.22 0.633329 3.92318 0.311718
24.23 0.630391 3.90997 0.311711
24.24 0.627499 3.8968 0.311703
24.25 0.624654 3.88365 0.311696
24.26 0.621854 3.87055 0.311689
24.27 0.619099 3.85747 0.311681
24.28 0.616389 3.84443 0.311674
24.29 0.613723 3.83142 0.311666
24.3 0.6111 3.81845 0.311659
24.31 0.60852 3.80551 0.311651
24.32 0.605982 3.7926 0.311643
24.33 0.603486 3.77973 0.311636
24.34 0.601031 3.76689 0.311628
24.35 0.598617 3.75409 0.31162
24.36 0.596244 3.74132 0.311612
24.37 0.59391 3.72858 0.311604
24.38 0.591615 3.71588 0.311596
24.39 0.589359 3.70322 0.311588
24.4 0.587142 3.69059 0.31158
24.41 0.584962 3.67799 0.311572
24.42 0.58282 3.66543 0.311564
24.43 0.580716 3.65291 0.311556
24.44 0.578647 3.64042 0.311548
24.45 0.576615 3.62796 0.31154
24.46 0.574619 3.61554 0.311532
24.47 0.572658 3.60316 0.311524
24.48 0.570732 3.59081 0.311516
24.49 0.56884 3.57849 0.311507
24.5 0.566983 3.56621 0.311499
24.51 0.56516 3.55397 0.311491
24.52 0.56337 3.54176 0.311483
24.53 0.561613 3.52959 0.311474
24.54 0.559889 3.51746 0.311466
24.55 0.558198 3.50536 0.311458
24.56 0.556538 3.49329 0.311449
24.57 0.55491 3.48126 0.311441
24.58 0.553314 3.46927 0.311433
24.59 0.551748 3.45731 0.311424
24.6 0.550213 3.44539 0.311416
24.61 0.548709 3.4335 0.311408
24.62 0.547235 3.42165 0.311399
24.63 0.545791 3.40984 0.311391
24.64 0.544376 3.39806 0.311383
24.65 0.54299 3.38632 0.311374
24.66 0.541633 3.37461 0.311366
24.67 0.540306 3.36294 0.311358
24.68 0.539006 3.35131 0.311349
24.69 0.537735 3.33971 0.311341
24.7 0.536491 3.32814 0.311333
24.71 0.535275 3.31662 0.311324
24.72 0.534086 3.30513 0.311316
24.73 0.532925 3.29367 0.311308
24.74 0.53179 3.28225 0.311299
24.75 0.530682 3.27087 0.311291
24.76 0.529601 3.25952 0.311283
24.77 0.528545 3.24821 0.311275
24.78 0.527516 3.23693 0.311266
24.79 0.526512 3.22569 0.311258
24.8 0.525534 3.21449 0.31125
24.81 0.524581 3.20332 0.311242
24.82 0.523653 3.19219 0.311233
24.83 0.52275 3.18109 0.311225
24.84 0.521872 3.17003 0.311217
24.85 0.521018 3.159 0.311209
24.86 0.520189 3.14801 0.311201
24.87 0.519383 3.13706 0.311193
24.88 0.518602 3.12614 0.311185
24.89 0.517844 3.11526 0.311177
24.9 0.51711 3.10441 0.311169
24.91 0.516399 3.0936 0.311161
24.92 0.515712 3.08282 0.311153
24.93 0.515047 3.07208 0.311145
24.94 0.514406 3.06137 0.311137
24.95 0.513787 3.0507 0.311129
24.96 0.513191 3.04007 0.311121
24.97 0.512617 3.02946 0.311113
24.98 0.512066 3.0189 0.311105
24.99 0.511537 3.00837 0.311098
25 0.51103 2.99788 0.31109
25.01 0.510544 2.98742 0.311082
25.02 0.510081 2.97699 0.311075
25.03 0.509639 2.9666 0.311067
25.04 0.509218 2.95625 0.311059
25.05 0.508819 2.94593 0.311052
25.06 0.508442 2.93564 0.311044
25.07 0.508085 2.92539 0.311037
25.08 0.507749 2.91518 0.311029
25.09 0.507434 2.905 0.311022
25.1 0.50714 2.89485 0.311014
25.11 0.506867 2.88474 0.311007
25.12 0.506614 2.87466 0.311
25.13 0.506382 2.86462 0.310993
25.14 0.50617 2.85461 0.310985
25.15 0.505978 2.84464 0.310978
25.16 0.505807 2.8347 0.310971
25.17 0.505656 2.8248 0.310964
25.18 0.505524 2.81492 0.310957
25.19 0.505413 2.80509 0.31095
25.2 0.505321 2.79529 0.310943
25.21 0.50525 2.78552 0.310936
25.22 0.505198 2.77578 0.310929
25.23 0.505165 2.76608 0.310922
25.24 0.505152 2.75641 0.310915
25.25 0.505159 2.74678 0.310909
25.26 0.505184 2.73718 0.310902
25.27 0.50523 2.72762 0.310895
25.28 0.505294 2.71808 0.310889
25.29 0.505378 2.70858 0.310882
25.3 0.505481 2.69912 0.310876
25.31 0.505603 2.68969 0.310869
25.32 0.505744 2.68029 0.310863
25.33 0.505904 2.67092 0.310857
25.34 0.506083 2.66159 0.31085
25.35 0.50628 2.65229 0.310844
25.36 0.506497 2.64302 0.310838
25.37 0.506732 2.63379 0.310832
25.38 0.506987 2.62459 0.310826
25.39 0.50726 2.61542 0.31082
25.4 0.507551 2.60629 0.310814
25.41 0.507861 2.59719 0.310808
25.42 0.50819 2.58812 0.310802
25.43 0.508538 2.57908 0.310796
25.44 0.508904 2.57007 0.31079
25.45 0.509288 2.5611 0.310785
25.46 0.509691 2.55216 0.310779
25.47 0.510113 2.54325 0.310773
25.48 0.510553 2.53438 0.310768
25.49 0.511011 2.52553 0.310762
25.5 0.511488 2.51672 0.310757
25.51 0.511983 2.50794 0.310752
25.52 0.512497 2.4992 0.310746
25.53 0.513029 2.49048 0.310741
25.54 0.513579 2.48179 0.310736
25.55 0.514148 2.47314 0.310731
25.56 0.514735 2.46452 0.310726
25.57 0.515341 2.45593 0.310721
25.58 0.515964 2.44737 0.310716
25.59 0.516607 2.43885 0.310711
25.6 0.517267 2.43035 0.310706
25.61 0.517946 2.42189 0.310701
25.62 0.518643 2.41345 0.310697
25.63 0.519359 2.40505 0.310692
25.64 0.520093 2.39668 0.310687
25.65 0.520845 2.38834 0.310683
25.66 0.521616 2.38003 0.310679
25.67 0.522405 2.37175 0.310674
25.68 0.523213 2.3635 0.31067
25.69 0.524039 2.35529 0.310666
25.7 0.524884 2.3471 0.310661
25.71 0.525747 2.33894 0.310657
25.72 0.526628 2.33082 0.310653
25.73 0.527528 2.32272 0.310649
25.74 0.528447 2.31466 0.310645
25.75 0.529384 2.30662 0.310641
25.76 0.53034 2.29862 0.310637
25.77 0.531314 2.29064 0.310634
25.78 0.532307 2.28269 0.31063
25.79 0.533319 2.27478 0.310626
25.8 0.53435 2.26689 0.310623
25.81 0.535399 2.25904 0.310619
25.82 0.536467 2.25121 0.310616
25.83 0.537555 2.24341 0.310612
25.84 0.53866 2.23565 0.310609
25.85 0.539785 2.22791 0.310606
25.86 0.540929 2.2202 0.310603
25.87 0.542092 2.21252 0.3106
25.88 0.543274 2.20487 0.310597
25.89 0.544476 2.19725 0.310594
25.9 0.545696 2.18965 0.310591
25.91 0.546936 2.18209 0.310588
25.92 0.548194 2.17455 0.310585
25.93 0.549473 2.16705 0.310582
25.94 0.55077 2.15957 0.31058
25.95 0.552088 2.15212 0.310577
25.96 0.553424 2.1447 0.310575
25.97 0.554781 2.13731 0.310572
25.98 0.556157 2.12995 0.31057
25.99 0.557552 2.12261 0.310568
26 0.558968 2.1153 0.310565
26.01 0.560403 2.10803 0.310563
26.02 0.561859 2.10077 0.310561
26.03 0.563334 2.09355 0.310559
26.04 0.564829 2.08636 0.310557
26.05 0.566345 2.07919 0.310555
26.06 0.567881 2.07205 0.310553
26.07 0.569437 2.06494 0.310552
26.08 0.571013 2.05786 0.31055
26.09 0.57261 2.0508 0.310548
26.1 0.574228 2.04377 0.310547
26.11 0.575866 2.03677 0.310545
26.12 0.577525 2.02979 0.310544
26.13 0.579205 2.02285 0.310542
26.14 0.580906 2.01593 0.310541
26.15 0.582627 2.00904 0.31054
26.16 0.58437 2.00217 0.310539
26.17 0.586134 1.99533 0.310538
26.18 0.587919 1.98852 0.310537
26.19 0.589726 1.98173 0.310536
26.2 0.591554 1.97498 0.310535
26.21 0.593404 1.96824 0.310534
26.22 0.595276 1.96154 0.310533
26.23 0.597169 1.95486 0.310532
26.24 0.599084 1.94821 0.310532
26.25 0.601021 1.94158 0.310531
26.26 0.602981 1.93498 0.310531
26.27 0.604962 1.92841 0.31053
26.28 0.606966 1.92186 0.31053
26.29 0.608993 1.91534 0.31053
26.3 0.611042 1.90885 0.310529
26.31 0.613114 1.90238 0.310529
26.32 0.615208 1.89594 0.310529
26.33 0.617326 1.88952 0.310529
26.34 0.619466 1.88313 0.310529
26.35 0.62163 1.87676 0.310529
26.36 0.623817 1.87042 0.31053
26.37 0.626028 1.86411 0.31053
26.38 0.628262 1.85782 0.31053
26.39 0.63052 1.85155 0.310531
26.4 0.632801 1.84531 0.310531
26.41 0.635107 1.8391 0.310532
26.42 0.637437 1.83291 0.310532
26.43 0.639791 1.82675 0.310533
26.44 0.642169 1.82061 0.310534
26.45 0.644572 1.8145 0.310534
26.46 0.647 1.80841 0.310535
26.47 0.649453 1.80234 0.310536
26.48 0.65193 1.79631 0.310537
26.49 0.654433 1.79029 0.310538
26.5 0.656961 1.7843 0.310539
26.51 0.659514 1.77834 0.310541
26.52 0.662093 1.7724 0.310542
26.53 0.664698 1.76648 0.310543
26.54 0.667328 1.76059 0.310545
26.55 0.669985 1.75472 0.310546
26.56 0.672668 1.74888 0.310548
26.57 0.675377 1.74306 0.310549
26.58 0.678113 1.73726 0.310551
26.59 0.680876 1.73149 0.310553
26.6 0.683666 1.72575 0.310554
26.61 0.686482 1.72002 0.310556
26.62 0.689326 1.71432 0.310558
26.63 0.692197 1.70865 0.31056
26.64 0.695096 1.703 0.310562
26.65 0.698023 1.69737 0.310564
26.66 0.700978 1.69176 0.310566
26.67 0.703961 1.68618 0.310569
26.68 0.706972 1.68062 0.310571
26.69 0.710012 1.67509 0.310573
26.7 0.71308 1.66958 0.310576
26.71 0.716177 1.66409 0.310578
26.72 0.719304 1.65863 0.310581
26.73 0.72246 1.65318 0.310584
26.74 0.725645 1.64777 0.310586
26.75 0.72886 1.64237 0.310589
26.76 0.732105 1.637 0.310592
26.77 0.73538 1.63165 0.310595
26.78 0.738685 1.62632 0.310598
26.79 0.742021 1.62102 0.310601
26.8 0.745387 1.61574 0.310604
26.81 0.748785 1.61048 0.310607
26.82 0.752214 1.60524 0.31061
26.83 0.755674 1.60003 0.310613
26.84 0.759166 1.59484 0.310617
26.85 0.762689 1.58967 0.31062
26.86 0.766245 1.58452 0.310623
26.87 0.769833 1.5794 0.310627
26.88 0.773453 1.5743 0.310631
26.89 0.777106 1.56922 0.310634
26.9 0.780792 1.56416 0.310638
26.91 0.784511 1.55912 0.310642
26.92 0.788264 1.55411 0.310645
26.93 0.792051 1.54912 0.310649
26.94 0.795871 1.54415 0.310653
26.95 0.799726 1.5392 0.310657
26.96 0.803615 1.53428 0.310661
26.97 0.807538 1.52937 0.310665
26.98 0.811497 1.52449 0.31067
26.99 0.815491 1.51963 0.310674
27 0.81952 1.51479 0.310678
27.01 0.823585 1.50997 0.310682
27.02 0.827685 1.50518 0.310687
27.03 0.831823 1.5004 0.310691
27.04 0.835996 1.49565 0.310696
27.05 0.840207 1.49092 0.3107
27.06 0.844454 1.4862 0.310705
27.07 0.848739 1.48151 0.31071
27.08 0.853061 1.47685 0.310715
27.09 0.857421 1.4722 0.310719
27.1 0.861819 1.46757 0.310724
27.11 0.866256 1.46297 0.310729
27.12 0.870732 1.45838 0.310734
27.13 0.875246 1.45382 0.310739
27.14 0.8798 1.44928 0.310744
27.15 0.884393 1.44475 0.310749
27.16 0.889027 1.44025 0.310755
27.17 0.8937 1.43577 0.31076
27.18 0.898414 1.43131 0.310765
27.19 0.903169 1.42687 0.310771
27.2 0.907965 1.42245 0.310776
27.21 0.912803 1.41806 0.310782
27.22 0.917682 1.41368 0.310787
27.23 0.922603 1.40932 0.310793
27.24 0.927567 1.40498 0.310798
27.25 0.932573 1.40067 0.310804
27.26 0.937623 1.39637 0.31081
27.27 0.942715 1.39209 0.310816
27.28 0.947852 1.38784 0.310821
27.29 0.953033 1.3836 0.310827
27.3 0.958257 1.37939 0.310833
27.31 0.963527 1.37519 0.310839
27.32 0.968842 1.37101 0.310845
27.33 0.974202 1.36686 0.310852
27.34 0.979608 1.36272 0.310858
27.35 0.98506 1.35861 0.310864
27.36 0.990559 1.35451 0.31087
27.37 0.996104 1.35043 0.310877
27.38 1.0017 1.34638 0.310883
27.39 1.00734 1.34234 0.310889
27.4 1.01303 1.33832 0.310896
27.41 1.01876 1.33433 0.310902
27.42 1.02455 1.33035 0.310909
27.43 1.03038 1.32639 0.310916
27.44 1.03626 1.32245 0.310922
27.45 1.0422 1.31853 0.310929
27.46 1.04818 1.31463 0.310936
27.47 1.05422 1.31075 0.310943
27.48 1.0603 1.30689 0.310949
27.49 1.06644 1.30305 0.310956
27.5 1.07263 1.29923 0.310963
27.51 1.07887 1.29542 0.31097
27.52 1.08516 1.29164 0.310977
27.53 1.09151 1.28787 0.310984
27.54 1.09791 1.28413 0.310992
27.55 1.10436 1.2804 0.310999
27.56 1.11087 1.27669 0.311006
27.57 1.11743 1.273 0.311013
27.58 1.12405 1.26934 0.311021
27.59 1.13073 1.26568 0.311028
27.6 1.13746 1.26205 0.311036
27.61 1.14424 1.25844 0.311043
27.62 1.15108 1.25485 0.311051
27.63 1.15799 1.25127 0.311058
27.64 1.16494 1.24772 0.311066
27.65 1.17196 1.24418 0.311073
27.66 1.17904 1.24066 0.311081
27.67 1.18617 1.23716 0.311089
27.68 1.19337 1.23368 0.311097
27.69 1.20062 1.23022 0.311104
27.7 1.20794 1.22677 0.311112
27.71 1.21531 1.22335 0.31112
27.72 1.22275 1.21994 0.311128
27.73 1.23025 1.21655 0.311136
27.74 1.23781 1.21318 0.311144
27.75 1.24544 1.20983 0.311152
27.76 1.25313 1.2065 0.31116
27.77 1.26088 1.20319 0.311168
27.78 1.2687 1.19989 0.311176
27.79 1.27658 1.19661 0.311185
27.8 1.28453 1.19335 0.311193
27.81 1.29255 1.19011 0.311201
27.82 1.30063 1.18689 0.31121
27.83 1.30878 1.18369 0.311218
27.84 1.31699 1.1805 0.311226
27.85 1.32528 1.17733 0.311235
27.86 1.33363 1.17418 0.311243
27.87 1.34205 1.17105 0.311252
27.88 1.35055 1.16794 0.31126
27.89 1.35911 1.16485 0.311269
27.9 1.36774 1.16177 0.311278
27.91 1.37645 1.15871 0.311286
27.92 1.38523 1.15567 0.311295
27.93 1.39408 1.15265 0.311304
27.94 1.403 1.14965 0.311313
27.95 1.412 1.14666 0.311321
27.96 1.42107 1.14369 0.31133
27.97 1.43022 1.14074 0.311339
27.98 1.43944 1.13781 0.311348
27.99 1.44874 1.1349 0.311357
28 1.45812 1.132 0.311366
28.01 1.46757 1.12913 0.311375
28.02 1.47711 1.12627 0.311384
28.03 1.48672 1.12343 0.311393
28.04 1.49641 1.1206 0.311402
28.05 1.50618 1.1178 0.311411
28.06 1.51603 1.11501 0.31142
28.07 1.52596 1.11224 0.31143
28.08 1.53597 1.10949 0.311439
28.09 1.54607 1.10675 0.311448
28.1 1.55625 1.10404 0.311457
28.11 1.56651 1.10134 0.311467
28.12 1.57686 1.09866 0.311476
28.13 1.58729 1.096 0.311485
28.14 1.59781 1.09335 0.311495
28.15 1.60841 1.09073 0.311504
28.16 1.6191 1.08812 0.311514
28.17 1.62988 1.08553 0.311523
28.18 1.64075 1.08296 0.311533
28.19 1.65171 1.0804 0.311542
28.2 1.66276 1.07786 0.311552
28.21 1.67389 1.07534 0.311561
28.22 1.68512 1.07284 0.311571
28.23 1.69645 1.07036 0.311581
28.24 1.70786 1.06789 0.31159
28.25 1.71937 1.06545 0.3116
28.26 1.73097 1.06302 0.31161
28.27 1.74267 1.0606 0.311619
28.28 1.75446 1.05821 0.311629
28.29 1.76635 1.05583 0.311639
28.3 1.77834 1.05347 0.311649
28.31 1.79042 1.05113 0.311659
28.32 1.8026 1.04881 0.311668
28.33 1.81489 1.04651 0.311678
28.34 1.82727 1.04422 0.311688
28.35 1.83975 1.04195 0.311698
28.36 1.85234 1.0397 0.311708
28.37 1.86503 1.03747 0.311718
28.38 1.87782 1.03525 0.311728
28.39 1.89072 1.03306 0.311738
28.4 1.90372 1.03088 0.311748
28.41 1.91683 1.02872 0.311758
28.42 1.93004 1.02657 0.311768
28.43 1.94336 1.02445 0.311778
28.44 1.95679 1.02234 0.311788
28.45 1.97033 1.02025 0.311798
28.46 1.98398 1.01818 0.311809
28.47 1.99774 1.01613 0.311819
28.48 2.01161 1.01409 0.311829
28.49 2.0256 1.01208 0.311839
28.5 2.03969 1.01008 0.311849
28.51 2.05391 1.0081 0.31186
28.52 2.06823 1.00614 0.31187
28.53 2.08268 1.00419 0.31188
28.54 2.09724 1.00227 0.31189
28.55 2.11191 1.00036 0.311901
28.56 2.12671 0.998473 0.311911
28.57 2.14162 0.996602 0.311921
28.58 2.15666 0.99475 0.311932
28.59 2.17182 0.992917 0.311942
28.6 2.1871 0.991101 0.311952
28.61 2.2025 0.989305 0.311963
28.62 2.21803 0.987526 0.311973
28.63 2.23368 0.985767 0.311984
28.64 2.24946 0.984025 0.311994
28.65 2.26537 0.982303 0.312004
28.66 2.2814 0.980599 0.312015
28.67 2.29756 0.978914 0.312025
28.68 2.31385 0.977247 0.312036
28.69 2.33028 0.975599 0.312046
28.7 2.34683 0.97397 0.312057
28.71 2.36352 0.97236 0.312067
28.72 2.38034 0.970769 0.312078
28.73 2.3973 0.969197 0.312088
28.74 2.41439 0.967643 0.312099
28.75 2.43161 0.966109 0.312109
28.76 2.44898 0.964594 0.31212
28.77 2.46648 0.963098 0.31213
28.78 2.48413 0.961621 0.312141
28.79 2.50191 0.960163 0.312152
28.8 2.51984 0.958725 0.312162
28.81 2.53791 0.957306 0.312173
28.82 2.55612 0.955906 0.312183
28.83 2.57448 0.954526 0.312194
28.84 2.59298 0.953165 0.312205
28.85 2.61163 0.951824 0.312215
28.86 2.63043 0.950502 0.312226
28.87 2.64938 0.949201 0.312237
28.88 2.66848 0.947919 0.312247
28.89 2.68773 0.946656 0.312258
28.9 2.70713 0.945414 0.312269
28.91 2.72668 0.944192 0.312279
28.92 2.74639 0.94299 0.31229
28.93 2.76625 0.941807 0.312301
28.94 2.78627 0.940646 0.312311
28.95 2.80645 0.939504 0.312322
28.96 2.82679 0.938383 0.312333
28.97 2.84729 0.937282 0.312343
28.98 2.86794 0.936201 0.312354
28.99 2.88876 0.935141 0.312365
29 2.90975 0.934102 0.312376
29.01 2.93089 0.933084 0.312386
29.02 2.95221 0.932086 0.312397
29.03 2.97368 0.93111 0.312408
29.04 2.99533 0.930154 0.312418
29.05 3.01715 0.929219 0.312429
29.06 3.03913 0.928306 0.31244
29.07 3.06129 0.927414 0.312451
29.08 3.08362 0.926544 0.312461
29.09 3.10612 0.925695 0.312472
29.1 3.1288 0.924867 0.312483
29.11 3.15165 0.924061 0.312494
29.12 3.17468 0.923277 0.312504
29.13 3.19788 0.922515 0.312515
29.14 3.22127 0.921775 0.312526
29.15 3.24483 0.921058 0.312537
29.16 3.26858 0.920362 0.312547
29.17 3.29251 0.919689 0.312558
29.18 3.31663 0.919038 0.312569
29.19 3.34092 0.91841 0.31258
29.2 3.36541 0.917805 0.312591
29.21 3.39008 0.917222 0.312601
29.22 3.41494 0.916663 0.312612
29.23 3.43999 0.916127 0.312623
29.24 3.46523 0.915614 0.312634
29.25 3.49067 0.915124 0.312644
29.26 3.51629 0.914658 0.312655
29.27 3.54211 0.914216 0.312666
29.28 3.56813 0.913797 0.312677
29.29 3.59434 0.913402 0.312688
29.3 3.62075 0.913032 0.312698
29.31 3.64736 0.912685 0.312709
29.32 3.67417 0.912364 0.31272
29.33 3.70118 0.912066 0.312731
29.34 3.7284 0.911794 0.312741
29.35 3.75582 0.911546 0.312752
29.36 3.78344 0.911324 0.312763
29.37 3.81127 0.911126 0.312774
29.38 3.83931 0.910954 0.312784
29.39 3.86755 0.910808 0.312795
29.4 3.896 0.910687 0.312806
29.41 3.92467 0.910593 0.312817
29.42 3.95355 0.910524 0.312828
29.43 3.98264 0.910482 0.312838
29.44 4.01194 0.910466 0.312849
29.45 4.04146 0.910477 0.31286
29.46 4.0712 0.910514 0.312871
29.47 4.10115 0.910579 0.312881
29.48 4.13133 0.910671 0.312892
29.49 4.16172 0.910791 0.312903
29.5 4.19234 0.910938 0.312914
29.51 4.22317 0.911114 0.312925
29.52 4.25423 0.911317 0.312935
29.53 4.28552 0.911549 0.312946
29.54 4.31703 0.911809 0.312957
29.55 4.34877 0.912098 0.312968
29.56 4.38073 0.912416 0.312978
29.57 4.41292 0.912763 0.312989
29.58 4.44535 0.91314 0.313
29.59 4.478 0.913547 0.313011
29.6 4.51089 0.913984 0.313022
29.61 4.54401 0.914451 0.313032
29.62 4.57736 0.914948 0.313043
29.63 4.61095 0.915476 0.313054
29.64 4.64478 0.916036 0.313065
29.65 4.67884 0.916626 0.313075
29.66 4.71314 0.917248 0.313086
29.67 4.74768 0.917903 0.313097
29.68 4.78246 0.918589 0.313108
29.69 4.81748 0.919308 0.313119
29.7 4.85274 0.920059 0.313129
29.71 4.88825 0.920844 0.31314
29.72 4.924 0.921662 0.313151
29.73 4.95999 0.922513 0.313162
29.74 4.99623 0.923399 0.313173
29.75 5.03272 0.924319 0.313183
29.76 5.06945 0.925273 0.313194
29.77 5.10643 0.926263 0.313205
29.78 5.14366 0.927288 0.313216
29.79 5.18114 0.928348 0.313227
29.8 5.21887 0.929445 0.313237
29.81 5.25686 0.930578 0.313248
29.82 5.29509 0.931747 0.313259
29.83 5.33357 0.932954 0.31327
29.84 5.37231 0.934198 0.313281
29.85 5.41131 0.93548 0.313291
29.86 5.45055 0.9368 0.313302
29.87 5.49006 0.938159 0.313313
29.88 5.52981 0.939557 0.313324
29.89 5.56983 0.940995 0.313335
29.9 5.6101 0.942472 0.313345
29.91 5.65063 0.943989 0.313356
29.92 5.69141 0.945547 0.313367
29.93 5.73245 0.947147 0.313378
29.94 5.77375 0.948788 0.313389
29.95 5.81531 0.95047 0.3134
29.96 5.85713 0.952196 0.313411
29.97 5.89921 0.953964 0.313421
29.98 5.94155 0.955776 0.313432
29.99 5.98415 0.957632 0.313443
30 6.02701 0.959532 0.313454
